osgb4000000074568262,http://data.ordnancesurvey.co.uk/id/4000000074568262,Fleets,,,,populatedPlace,Hamlet,396383,460507,5000,25000,396110,460120,396610,460708,BD23,http://data.ordnancesurvey.co.uk/id/postcodedistrict/BD23,,,,Craven,http://data.ordnancesurvey.co.uk/id/7000000000021698,http://data.ordnancesurvey.co.uk/ontology/admingeo/District,North Yorkshire,http://data.ordnancesurvey.co.uk/id/7000000000022028,http://data.ordnancesurvey.co.uk/ontology/admingeo/County,Yorkshire and the Humber,http://data.ordnancesurvey.co.uk/id/7000000000041430,England,http://data.ordnancesurvey.co.uk/id/country/england,,,
osgb4000000074564035,http://data.ordnancesurvey.co.uk/id/4000000074564035,Threshfield,,,,populatedPlace,Village,398995,463722,10000,250000,398139,463327,399718,464488,BD23,http://data.ordnancesurvey.co.uk/id/postcodedistrict/BD23,,,,Craven,http://data.ordnancesurvey.co.uk/id/7000000000021698,http://data.ordnancesurvey.co.uk/ontology/admingeo/District,North Yorkshire,http://data.ordnancesurvey.co.uk/id/7000000000022028,http://data.ordnancesurvey.co.uk/ontology/admingeo/County,Yorkshire and the Humber,http://data.ordnancesurvey.co.uk/id/7000000000041430,England,http://data.ordnancesurvey.co.uk/id/country/england,,http://dbpedia.org/resource/Threshfield,http://sws.geonames.org/2635921
osgb4000000074568274,http://data.ordnancesurvey.co.uk/id/4000000074568274,Hubberholme,,,,populatedPlace,Hamlet,392610,478202,5000,25000,392516,477934,393035,478434,BD23,http://data.ordnancesurvey.co.uk/id/postcodedistrict/BD23,,,,Craven,http://data.ordnancesurvey.co.uk/id/7000000000021698,http://data.ordnancesurvey.co.uk/ontology/admingeo/District,North Yorkshire,http://data.ordnancesurvey.co.uk/id/7000000000022028,http://data.ordnancesurvey.co.uk/ontology/admingeo/County,Yorkshire and the Humber,http://data.ordnancesurvey.co.uk/id/7000000000041430,England,http://data.ordnancesurvey.co.uk/id/country/england,,http://dbpedia.org/resource/Hubberholme,
osgb4000000074564695,http://data.ordnancesurvey.co.uk/id/4000000074564695,Litton,,,,populatedPlace,Hamlet,390737,474061,5000,25000,390343,473826,391134,474326,BD23,http://data.ordnancesurvey.co.uk/id/postcodedistrict/BD23,,,,Craven,http://data.ordnancesurvey.co.uk/id/7000000000021698,http://data.ordnancesurvey.co.uk/ontology/admingeo/District,North Yorkshire,http://data.ordnancesurvey.co.uk/id/7000000000022028,http://data.ordnancesurvey.co.uk/ontology/admingeo/County,Yorkshire and the Humber,http://data.ordnancesurvey.co.uk/id/7000000000041430,England,http://data.ordnancesurvey.co.uk/id/country/england,,"http://dbpedia.org/resource/Litton,_North_Yorkshire",
osgb4000000074565640,http://data.ordnancesurvey.co.uk/id/4000000074565640,Horton in Ribblesdale,,,,populatedPlace,Village,380758,472695,8000,250000,380183,471938,381445,473090,BD24,http://data.ordnancesurvey.co.uk/id/postcodedistrict/BD24,,,,Craven,http://data.ordnancesurvey.co.uk/id/7000000000021698,http://data.ordnancesurvey.co.uk/ontology/admingeo/District,North Yorkshire,http://data.ordnancesurvey.co.uk/id/7000000000022028,http://data.ordnancesurvey.co.uk/ontology/admingeo/County,Yorkshire and the Humber,http://data.ordnancesurvey.co.uk/id/7000000000041430,England,http://data.ordnancesurvey.co.uk/id/country/england,,http://dbpedia.org/resource/Horton_in_Ribblesdale,http://sws.geonames.org/2646544
osgb4000000074564694,http://data.ordnancesurvey.co.uk/id/4000000074564694,Arncliffe,,,,populatedPlace,Village,393158,471819,4000,250000,392740,471576,393405,472082,BD23,http://data.ordnancesurvey.co.uk/id/postcodedistrict/BD23,,,,Craven,http://data.ordnancesurvey.co.uk/id/7000000000021698,http://data.ordnancesurvey.co.uk/ontology/admingeo/District,North Yorkshire,http://data.ordnancesurvey.co.uk/id/7000000000022028,http://data.ordnancesurvey.co.uk/ontology/admingeo/County,Yorkshire and the Humber,http://data.ordnancesurvey.co.uk/id/7000000000041430,England,http://data.ordnancesurvey.co.uk/id/country/england,,"http://dbpedia.org/resource/Arncliffe,_North_Yorkshire",http://sws.geonames.org/2657048
osgb4000000074565008,http://data.ordnancesurvey.co.uk/id/4000000074565008,Settle,,,,populatedPlace,Town,381935,463527,11000,2000000,381366,462828,382606,464468,BD24,http://data.ordnancesurvey.co.uk/id/postcodedistrict/BD24,,,,Craven,http://data.ordnancesurvey.co.uk/id/7000000000021698,http://data.ordnancesurvey.co.uk/ontology/admingeo/District,North Yorkshire,http://data.ordnancesurvey.co.uk/id/7000000000022028,http://data.ordnancesurvey.co.uk/ontology/admingeo/County,Yorkshire and the Humber,http://data.ordnancesurvey.co.uk/id/7000000000041430,England,http://data.ordnancesurvey.co.uk/id/country/england,,http://dbpedia.org/resource/Settle,http://sws.geonames.org/2638192
osgb4000000074564365,http://data.ordnancesurvey.co.uk/id/4000000074564365,Bordley,,,,populatedPlace,Other Settlement,394198,464939,15000,25000,393900,464663,394400,465163,BD23,http://data.ordnancesurvey.co.uk/id/postcodedistrict/BD23,,,,Craven,http://data.ordnancesurvey.co.uk/id/7000000000021698,http://data.ordnancesurvey.co.uk/ontology/admingeo/District,North Yorkshire,http://data.ordnancesurvey.co.uk/id/7000000000022028,http://data.ordnancesurvey.co.uk/ontology/admingeo/County,Yorkshire and the Humber,http://data.ordnancesurvey.co.uk/id/7000000000041430,England,http://data.ordnancesurvey.co.uk/id/country/england,,http://dbpedia.org/resource/Bordley,
osgb4000000074565314,http://data.ordnancesurvey.co.uk/id/4000000074565314,Brackenbottom,,,,populatedPlace,Hamlet,381677,472156,5000,25000,381457,471928,381957,472428,BD24,http://data.ordnancesurvey.co.uk/id/postcodedistrict/BD24,,,,Craven,http://data.ordnancesurvey.co.uk/id/7000000000021698,http://data.ordnancesurvey.co.uk/ontology/admingeo/District,North Yorkshire,http://data.ordnancesurvey.co.uk/id/7000000000022028,http://data.ordnancesurvey.co.uk/ontology/admingeo/County,Yorkshire and the Humber,http://data.ordnancesurvey.co.uk/id/7000000000041430,England,http://data.ordnancesurvey.co.uk/id/country/england,,http://dbpedia.org/resource/Brackenbottom,
osgb4000000074564366,http://data.ordnancesurvey.co.uk/id/4000000074564366,Conistone,,,,populatedPlace,Village,398126,467466,3000,250000,397885,467225,398385,467725,BD23,http://data.ordnancesurvey.co.uk/id/postcodedistrict/BD23,,,,Craven,http://data.ordnancesurvey.co.uk/id/7000000000021698,http://data.ordnancesurvey.co.uk/ontology/admingeo/District,North Yorkshire,http://data.ordnancesurvey.co.uk/id/7000000000022028,http://data.ordnancesurvey.co.uk/ontology/admingeo/County,Yorkshire and the Humber,http://data.ordnancesurvey.co.uk/id/7000000000041430,England,http://data.ordnancesurvey.co.uk/id/country/england,,,http://sws.geonames.org/2652455
osgb4000000074564693,http://data.ordnancesurvey.co.uk/id/4000000074564693,Starbotton,,,,populatedPlace,Village,395333,474716,5000,250000,395036,474293,395609,475027,BD23,http://data.ordnancesurvey.co.uk/id/postcodedistrict/BD23,,,,Craven,http://data.ordnancesurvey.co.uk/id/7000000000021698,http://data.ordnancesurvey.co.uk/ontology/admingeo/District,North Yorkshire,http://data.ordnancesurvey.co.uk/id/7000000000022028,http://data.ordnancesurvey.co.uk/ontology/admingeo/County,Yorkshire and the Humber,http://data.ordnancesurvey.co.uk/id/7000000000041430,England,http://data.ordnancesurvey.co.uk/id/country/england,,http://dbpedia.org/resource/Starbotton,http://sws.geonames.org/2637009
osgb4000000074565013,http://data.ordnancesurvey.co.uk/id/4000000074565013,Giggleswick,,,,populatedPlace,Village,381247,464026,9000,250000,380713,463235,381630,464579,BD24,http://data.ordnancesurvey.co.uk/id/postcodedistrict/BD24,,,,Craven,http://data.ordnancesurvey.co.uk/id/7000000000021698,http://data.ordnancesurvey.co.uk/ontology/admingeo/District,North Yorkshire,http://data.ordnancesurvey.co.uk/id/7000000000022028,http://data.ordnancesurvey.co.uk/ontology/admingeo/County,Yorkshire and the Humber,http://data.ordnancesurvey.co.uk/id/7000000000041430,England,http://data.ordnancesurvey.co.uk/id/country/england,,http://dbpedia.org/resource/Giggleswick,http://sws.geonames.org/2648680
osgb4000000074332138,http://data.ordnancesurvey.co.uk/id/4000000074332138,Yockenthwaite,,,,populatedPlace,Other Settlement,390448,479027,15000,25000,390276,478787,390776,479287,BD23,http://data.ordnancesurvey.co.uk/id/postcodedistrict/BD23,,,,Craven,http://data.ordnancesurvey.co.uk/id/7000000000021698,http://data.ordnancesurvey.co.uk/ontology/admingeo/District,North Yorkshire,http://data.ordnancesurvey.co.uk/id/7000000000022028,http://data.ordnancesurvey.co.uk/ontology/admingeo/County,Yorkshire and the Humber,http://data.ordnancesurvey.co.uk/id/7000000000041430,England,http://data.ordnancesurvey.co.uk/id/country/england,,,
osgb4000000074568272,http://data.ordnancesurvey.co.uk/id/4000000074568272,Buckden,,,,populatedPlace,Village,394198,477138,4000,250000,393924,476812,394424,477478,BD23,http://data.ordnancesurvey.co.uk/id/postcodedistrict/BD23,,,,Craven,http://data.ordnancesurvey.co.uk/id/7000000000021698,http://data.ordnancesurvey.co.uk/ontology/admingeo/District,North Yorkshire,http://data.ordnancesurvey.co.uk/id/7000000000022028,http://data.ordnancesurvey.co.uk/ontology/admingeo/County,Yorkshire and the Humber,http://data.ordnancesurvey.co.uk/id/7000000000041430,England,http://data.ordnancesurvey.co.uk/id/country/england,,"http://dbpedia.org/resource/Buckden,_North_Yorkshire",http://sws.geonames.org/2654418
osgb4000000074563390,http://data.ordnancesurvey.co.uk/id/4000000074563390,Kirkby Malham,,,,populatedPlace,Village,389490,460972,3000,250000,389218,460765,389718,461265,BD23,http://data.ordnancesurvey.co.uk/id/postcodedistrict/BD23,,,,Craven,http://data.ordnancesurvey.co.uk/id/7000000000021698,http://data.ordnancesurvey.co.uk/ontology/admingeo/District,North Yorkshire,http://data.ordnancesurvey.co.uk/id/7000000000022028,http://data.ordnancesurvey.co.uk/ontology/admingeo/County,Yorkshire and the Humber,http://data.ordnancesurvey.co.uk/id/7000000000041430,England,http://data.ordnancesurvey.co.uk/id/country/england,,,http://sws.geonames.org/2645307
osgb4000000074564364,http://data.ordnancesurvey.co.uk/id/4000000074564364,Long Ashes,,,,populatedPlace,Village,397951,464793,4000,250000,397662,464549,398275,465061,BD23,http://data.ordnancesurvey.co.uk/id/postcodedistrict/BD23,,,,Craven,http://data.ordnancesurvey.co.uk/id/7000000000021698,http://data.ordnancesurvey.co.uk/ontology/admingeo/District,North Yorkshire,http://data.ordnancesurvey.co.uk/id/7000000000022028,http://data.ordnancesurvey.co.uk/ontology/admingeo/County,Yorkshire and the Humber,http://data.ordnancesurvey.co.uk/id/7000000000041430,England,http://data.ordnancesurvey.co.uk/id/country/england,,,
osgb4000000074568273,http://data.ordnancesurvey.co.uk/id/4000000074568273,Cray,,,,populatedPlace,Other Settlement,394213,479204,15000,25000,393824,478878,394324,479378,BD23,http://data.ordnancesurvey.co.uk/id/postcodedistrict/BD23,,,,Craven,http://data.ordnancesurvey.co.uk/id/7000000000021698,http://data.ordnancesurvey.co.uk/ontology/admingeo/District,North Yorkshire,http://data.ordnancesurvey.co.uk/id/7000000000022028,http://data.ordnancesurvey.co.uk/ontology/admingeo/County,Yorkshire and the Humber,http://data.ordnancesurvey.co.uk/id/7000000000041430,England,http://data.ordnancesurvey.co.uk/id/country/england,,"http://dbpedia.org/resource/Cray,_North_Yorkshire",
osgb4000000074568268,http://data.ordnancesurvey.co.uk/id/4000000074568268,Hanlith,,,,populatedPlace,Hamlet,390168,461344,5000,25000,389921,461102,390421,461602,BD23,http://data.ordnancesurvey.co.uk/id/postcodedistrict/BD23,,,,Craven,http://data.ordnancesurvey.co.uk/id/7000000000021698,http://data.ordnancesurvey.co.uk/ontology/admingeo/District,North Yorkshire,http://data.ordnancesurvey.co.uk/id/7000000000022028,http://data.ordnancesurvey.co.uk/ontology/admingeo/County,Yorkshire and the Humber,http://data.ordnancesurvey.co.uk/id/7000000000041430,England,http://data.ordnancesurvey.co.uk/id/country/england,,http://dbpedia.org/resource/Hanlith,
osgb4000000074565009,http://data.ordnancesurvey.co.uk/id/4000000074565009,Langcliffe,,,,populatedPlace,Village,382022,465357,7000,250000,381574,464799,382392,465880,BD24,http://data.ordnancesurvey.co.uk/id/postcodedistrict/BD24,,,,Craven,http://data.ordnancesurvey.co.uk/id/7000000000021698,http://data.ordnancesurvey.co.uk/ontology/admingeo/District,North Yorkshire,http://data.ordnancesurvey.co.uk/id/7000000000022028,http://data.ordnancesurvey.co.uk/ontology/admingeo/County,Yorkshire and the Humber,http://data.ordnancesurvey.co.uk/id/7000000000041430,England,http://data.ordnancesurvey.co.uk/id/country/england,,http://dbpedia.org/resource/Langcliffe,http://sws.geonames.org/2644948
osgb4000000074565641,http://data.ordnancesurvey.co.uk/id/4000000074565641,New Houses,,,,populatedPlace,Hamlet,380580,473617,5000,25000,380290,473451,380790,473951,BD24,http://data.ordnancesurvey.co.uk/id/postcodedistrict/BD24,,,,Craven,http://data.ordnancesurvey.co.uk/id/7000000000021698,http://data.ordnancesurvey.co.uk/ontology/admingeo/District,North Yorkshire,http://data.ordnancesurvey.co.uk/id/7000000000022028,http://data.ordnancesurvey.co.uk/ontology/admingeo/County,Yorkshire and the Humber,http://data.ordnancesurvey.co.uk/id/7000000000041430,England,http://data.ordnancesurvey.co.uk/id/country/england,,,
osgb4000000074563399,http://data.ordnancesurvey.co.uk/id/4000000074563399,Foxup,,,,populatedPlace,Hamlet,387104,476710,5000,25000,386747,476464,387271,476964,BD23,http://data.ordnancesurvey.co.uk/id/postcodedistrict/BD23,,,,Craven,http://data.ordnancesurvey.co.uk/id/7000000000021698,http://data.ordnancesurvey.co.uk/ontology/admingeo/District,North Yorkshire,http://data.ordnancesurvey.co.uk/id/7000000000022028,http://data.ordnancesurvey.co.uk/ontology/admingeo/County,Yorkshire and the Humber,http://data.ordnancesurvey.co.uk/id/7000000000041430,England,http://data.ordnancesurvey.co.uk/id/country/england,,http://dbpedia.org/resource/Foxup,
osgb4000000074578063,http://data.ordnancesurvey.co.uk/id/4000000074578063,Halton Gill,,,,populatedPlace,Hamlet,388092,476448,5000,25000,387772,476273,388272,476773,BD23,http://data.ordnancesurvey.co.uk/id/postcodedistrict/BD23,,,,Craven,http://data.ordnancesurvey.co.uk/id/7000000000021698,http://data.ordnancesurvey.co.uk/ontology/admingeo/District,North Yorkshire,http://data.ordnancesurvey.co.uk/id/7000000000022028,http://data.ordnancesurvey.co.uk/ontology/admingeo/County,Yorkshire and the Humber,http://data.ordnancesurvey.co.uk/id/7000000000041430,England,http://data.ordnancesurvey.co.uk/id/country/england,,http://dbpedia.org/resource/Halton_Gill,http://sws.geonames.org/2647597
osgb4000000074564034,http://data.ordnancesurvey.co.uk/id/4000000074564034,Linton,,,,populatedPlace,Village,399865,463081,6000,250000,399537,462542,400245,463438,BD23,http://data.ordnancesurvey.co.uk/id/postcodedistrict/BD23,,,,Craven,http://data.ordnancesurvey.co.uk/id/7000000000021698,http://data.ordnancesurvey.co.uk/ontology/admingeo/District,North Yorkshire,http://data.ordnancesurvey.co.uk/id/7000000000022028,http://data.ordnancesurvey.co.uk/ontology/admingeo/County,Yorkshire and the Humber,http://data.ordnancesurvey.co.uk/id/7000000000041430,England,http://data.ordnancesurvey.co.uk/id/country/england,,"http://dbpedia.org/resource/Linton,_North_Yorkshire",http://sws.geonames.org/2644432
osgb4000000074565011,http://data.ordnancesurvey.co.uk/id/4000000074565011,Stainforth,,,,populatedPlace,Village,382136,467349,4000,250000,381837,467036,382398,467624,BD24,http://data.ordnancesurvey.co.uk/id/postcodedistrict/BD24,,,,Craven,http://data.ordnancesurvey.co.uk/id/7000000000021698,http://data.ordnancesurvey.co.uk/ontology/admingeo/District,North Yorkshire,http://data.ordnancesurvey.co.uk/id/7000000000022028,http://data.ordnancesurvey.co.uk/ontology/admingeo/County,Yorkshire and the Humber,http://data.ordnancesurvey.co.uk/id/7000000000041430,England,http://data.ordnancesurvey.co.uk/id/country/england,,"http://dbpedia.org/resource/Stainforth,_North_Yorkshire",
osgb4000000074564689,http://data.ordnancesurvey.co.uk/id/4000000074564689,Kilnsey,,,,populatedPlace,Hamlet,397485,467780,5000,25000,397083,467529,397583,468029,BD23,http://data.ordnancesurvey.co.uk/id/postcodedistrict/BD23,,,,Craven,http://data.ordnancesurvey.co.uk/id/7000000000021698,http://data.ordnancesurvey.co.uk/ontology/admingeo/District,North Yorkshire,http://data.ordnancesurvey.co.uk/id/7000000000022028,http://data.ordnancesurvey.co.uk/ontology/admingeo/County,Yorkshire and the Humber,http://data.ordnancesurvey.co.uk/id/7000000000041430,England,http://data.ordnancesurvey.co.uk/id/country/england,,http://dbpedia.org/resource/Kilnsey,http://sws.geonames.org/2645565
osgb4000000074564362,http://data.ordnancesurvey.co.uk/id/4000000074564362,Skirethorns,,,,populatedPlace,Hamlet,397825,463853,5000,25000,397626,463592,398126,464092,BD23,http://data.ordnancesurvey.co.uk/id/postcodedistrict/BD23,,,,Craven,http://data.ordnancesurvey.co.uk/id/7000000000021698,http://data.ordnancesurvey.co.uk/ontology/admingeo/District,North Yorkshire,http://data.ordnancesurvey.co.uk/id/7000000000022028,http://data.ordnancesurvey.co.uk/ontology/admingeo/County,Yorkshire and the Humber,http://data.ordnancesurvey.co.uk/id/7000000000041430,England,http://data.ordnancesurvey.co.uk/id/country/england,,,
osgb4000000074565313,http://data.ordnancesurvey.co.uk/id/4000000074565313,Studfold,,,,populatedPlace,Hamlet,381322,470240,5000,25000,381106,470013,381606,470790,BD24,http://data.ordnancesurvey.co.uk/id/postcodedistrict/BD24,,,,Craven,http://data.ordnancesurvey.co.uk/id/7000000000021698,http://data.ordnancesurvey.co.uk/ontology/admingeo/District,North Yorkshire,http://data.ordnancesurvey.co.uk/id/7000000000022028,http://data.ordnancesurvey.co.uk/ontology/admingeo/County,Yorkshire and the Humber,http://data.ordnancesurvey.co.uk/id/7000000000041430,England,http://data.ordnancesurvey.co.uk/id/country/england,,,
osgb4000000074565010,http://data.ordnancesurvey.co.uk/id/4000000074565010,Stackhouse,,,,populatedPlace,Hamlet,381401,465437,5000,25000,381193,465015,381693,465725,BD24,http://data.ordnancesurvey.co.uk/id/postcodedistrict/BD24,,,,Craven,http://data.ordnancesurvey.co.uk/id/7000000000021698,http://data.ordnancesurvey.co.uk/ontology/admingeo/District,North Yorkshire,http://data.ordnancesurvey.co.uk/id/7000000000022028,http://data.ordnancesurvey.co.uk/ontology/admingeo/County,Yorkshire and the Humber,http://data.ordnancesurvey.co.uk/id/7000000000041430,England,http://data.ordnancesurvey.co.uk/id/country/england,,,
osgb4000000074332820,http://data.ordnancesurvey.co.uk/id/4000000074332820,Threapland,,,,populatedPlace,Hamlet,398482,460545,5000,25000,398249,460431,398749,460931,BD23,http://data.ordnancesurvey.co.uk/id/postcodedistrict/BD23,,,,Craven,http://data.ordnancesurvey.co.uk/id/7000000000021698,http://data.ordnancesurvey.co.uk/ontology/admingeo/District,North Yorkshire,http://data.ordnancesurvey.co.uk/id/7000000000022028,http://data.ordnancesurvey.co.uk/ontology/admingeo/County,Yorkshire and the Humber,http://data.ordnancesurvey.co.uk/id/7000000000041430,England,http://data.ordnancesurvey.co.uk/id/country/england,,,
osgb4000000074564031,http://data.ordnancesurvey.co.uk/id/4000000074564031,Mearbeck,,,,populatedPlace,Hamlet,381835,460557,5000,25000,381606,460287,382106,460787,BD23,http://data.ordnancesurvey.co.uk/id/postcodedistrict/BD23,,,,Craven,http://data.ordnancesurvey.co.uk/id/7000000000021698,http://data.ordnancesurvey.co.uk/ontology/admingeo/District,North Yorkshire,http://data.ordnancesurvey.co.uk/id/7000000000022028,http://data.ordnancesurvey.co.uk/ontology/admingeo/County,Yorkshire and the Humber,http://data.ordnancesurvey.co.uk/id/7000000000041430,England,http://data.ordnancesurvey.co.uk/id/country/england,,,
osgb4000000074564692,http://data.ordnancesurvey.co.uk/id/4000000074564692,Kettlewell,,,,populatedPlace,Village,397181,472356,5000,250000,396765,472061,397506,472599,BD23,http://data.ordnancesurvey.co.uk/id/postcodedistrict/BD23,,,,Craven,http://data.ordnancesurvey.co.uk/id/7000000000021698,http://data.ordnancesurvey.co.uk/ontology/admingeo/District,North Yorkshire,http://data.ordnancesurvey.co.uk/id/7000000000022028,http://data.ordnancesurvey.co.uk/ontology/admingeo/County,Yorkshire and the Humber,http://data.ordnancesurvey.co.uk/id/7000000000041430,England,http://data.ordnancesurvey.co.uk/id/country/england,,http://dbpedia.org/resource/Kettlewell,http://sws.geonames.org/2645742
osgb4000000074564690,http://data.ordnancesurvey.co.uk/id/4000000074564690,Malham,,,,populatedPlace,Village,390098,462832,5000,250000,389799,462563,390458,463307,BD23,http://data.ordnancesurvey.co.uk/id/postcodedistrict/BD23,,,,Craven,http://data.ordnancesurvey.co.uk/id/7000000000021698,http://data.ordnancesurvey.co.uk/ontology/admingeo/District,North Yorkshire,http://data.ordnancesurvey.co.uk/id/7000000000022028,http://data.ordnancesurvey.co.uk/ontology/admingeo/County,Yorkshire and the Humber,http://data.ordnancesurvey.co.uk/id/7000000000041430,England,http://data.ordnancesurvey.co.uk/id/country/england,,http://dbpedia.org/resource/Malham,http://sws.geonames.org/2643159
osgb4000000074564691,http://data.ordnancesurvey.co.uk/id/4000000074564691,Hawkswick,,,,populatedPlace,Hamlet,395591,470484,5000,25000,395333,470166,396011,470694,BD23,http://data.ordnancesurvey.co.uk/id/postcodedistrict/BD23,,,,Craven,http://data.ordnancesurvey.co.uk/id/7000000000021698,http://data.ordnancesurvey.co.uk/ontology/admingeo/District,North Yorkshire,http://data.ordnancesurvey.co.uk/id/7000000000022028,http://data.ordnancesurvey.co.uk/ontology/admingeo/County,Yorkshire and the Humber,http://data.ordnancesurvey.co.uk/id/7000000000041430,England,http://data.ordnancesurvey.co.uk/id/country/england,,http://dbpedia.org/resource/Hawkswick,
osgb4000000074565007,http://data.ordnancesurvey.co.uk/id/4000000074565007,Upper Settle,,,,populatedPlace,Suburban Area,382178,463312,4000,25000,382046,462995,382606,463495,BD24,http://data.ordnancesurvey.co.uk/id/postcodedistrict/BD24,,,,Craven,http://data.ordnancesurvey.co.uk/id/7000000000021698,http://data.ordnancesurvey.co.uk/ontology/admingeo/District,North Yorkshire,http://data.ordnancesurvey.co.uk/id/7000000000022028,http://data.ordnancesurvey.co.uk/ontology/admingeo/County,Yorkshire and the Humber,http://data.ordnancesurvey.co.uk/id/7000000000041430,England,http://data.ordnancesurvey.co.uk/id/country/england,,,
osgb4000000074565012,http://data.ordnancesurvey.co.uk/id/4000000074565012,Little Stainforth,,,,populatedPlace,Hamlet,381421,467249,5000,25000,381165,467033,381665,467533,BD24,http://data.ordnancesurvey.co.uk/id/postcodedistrict/BD24,,,,Craven,http://data.ordnancesurvey.co.uk/id/7000000000021698,http://data.ordnancesurvey.co.uk/ontology/admingeo/District,North Yorkshire,http://data.ordnancesurvey.co.uk/id/7000000000022028,http://data.ordnancesurvey.co.uk/ontology/admingeo/County,Yorkshire and the Humber,http://data.ordnancesurvey.co.uk/id/7000000000041430,England,http://data.ordnancesurvey.co.uk/id/country/england,,,
BD240HA,http://data.ordnancesurvey.co.uk/id/postcodeunit/BD240HA,BD24 0HA,,,,other,Postcode,380978,472017,3500,18000,,,,,,,Horton in Ribblesdale,http://data.ordnancesurvey.co.uk/id/4000000074565640,http://www.ordnancesurvey.co.uk/xml/codelists/localtype.xml#village,Craven,http://data.ordnancesurvey.co.uk/id/7000000000021698,http://data.ordnancesurvey.co.uk/ontology/admingeo/District,North Yorkshire,http://data.ordnancesurvey.co.uk/id/7000000000022028,http://data.ordnancesurvey.co.uk/ontology/admingeo/County,Yorkshire and the Humber,http://data.ordnancesurvey.co.uk/id/7000000000041430,England,http://data.ordnancesurvey.co.uk/id/country/england,,,
BD249RL,http://data.ordnancesurvey.co.uk/id/postcodeunit/BD249RL,BD24 9RL,,,,other,Postcode,381675,463926,3500,18000,,,,,,,Settle,http://data.ordnancesurvey.co.uk/id/4000000074565008,http://www.ordnancesurvey.co.uk/xml/codelists/localtype.xml#town,Craven,http://data.ordnancesurvey.co.uk/id/7000000000021698,http://data.ordnancesurvey.co.uk/ontology/admingeo/District,North Yorkshire,http://data.ordnancesurvey.co.uk/id/7000000000022028,http://data.ordnancesurvey.co.uk/ontology/admingeo/County,Yorkshire and the Humber,http://data.ordnancesurvey.co.uk/id/7000000000041430,England,http://data.ordnancesurvey.co.uk/id/country/england,,,
BD236BE,http://data.ordnancesurvey.co.uk/id/postcodeunit/BD236BE,BD23 6BE,,,,other,Postcode,398133,461257,3500,18000,,,,,,,,,,Craven,http://data.ordnancesurvey.co.uk/id/7000000000021698,http://data.ordnancesurvey.co.uk/ontology/admingeo/District,North Yorkshire,http://data.ordnancesurvey.co.uk/id/7000000000022028,http://data.ordnancesurvey.co.uk/ontology/admingeo/County,Yorkshire and the Humber,http://data.ordnancesurvey.co.uk/id/7000000000041430,England,http://data.ordnancesurvey.co.uk/id/country/england,,,
BD249PY,http://data.ordnancesurvey.co.uk/id/postcodeunit/BD249PY,BD24 9PY,,,,other,Postcode,389829,470684,3500,18000,,,,,,,,,,Craven,http://data.ordnancesurvey.co.uk/id/7000000000021698,http://data.ordnancesurvey.co.uk/ontology/admingeo/District,North Yorkshire,http://data.ordnancesurvey.co.uk/id/7000000000022028,http://data.ordnancesurvey.co.uk/ontology/admingeo/County,Yorkshire and the Humber,http://data.ordnancesurvey.co.uk/id/7000000000041430,England,http://data.ordnancesurvey.co.uk/id/country/england,,,
BD236NB,http://data.ordnancesurvey.co.uk/id/postcodeunit/BD236NB,BD23 6NB,,,,other,Postcode,394946,462220,3500,18000,,,,,,,,,,Craven,http://data.ordnancesurvey.co.uk/id/7000000000021698,http://data.ordnancesurvey.co.uk/ontology/admingeo/District,North Yorkshire,http://data.ordnancesurvey.co.uk/id/7000000000022028,http://data.ordnancesurvey.co.uk/ontology/admingeo/County,Yorkshire and the Humber,http://data.ordnancesurvey.co.uk/id/7000000000041430,England,http://data.ordnancesurvey.co.uk/id/country/england,,,
BD249DU,http://data.ordnancesurvey.co.uk/id/postcodeunit/BD249DU,BD24 9DU,,,,other,Postcode,381959,463578,3500,18000,,,,,,,Settle,http://data.ordnancesurvey.co.uk/id/4000000074565008,http://www.ordnancesurvey.co.uk/xml/codelists/localtype.xml#town,Craven,http://data.ordnancesurvey.co.uk/id/7000000000021698,http://data.ordnancesurvey.co.uk/ontology/admingeo/District,North Yorkshire,http://data.ordnancesurvey.co.uk/id/7000000000022028,http://data.ordnancesurvey.co.uk/ontology/admingeo/County,Yorkshire and the Humber,http://data.ordnancesurvey.co.uk/id/7000000000041430,England,http://data.ordnancesurvey.co.uk/id/country/england,,,
BD249BA,http://data.ordnancesurvey.co.uk/id/postcodeunit/BD249BA,BD24 9BA,,,,other,Postcode,381894,463155,3500,18000,,,,,,,Settle,http://data.ordnancesurvey.co.uk/id/4000000074565008,http://www.ordnancesurvey.co.uk/xml/codelists/localtype.xml#town,Craven,http://data.ordnancesurvey.co.uk/id/7000000000021698,http://data.ordnancesurvey.co.uk/ontology/admingeo/District,North Yorkshire,http://data.ordnancesurvey.co.uk/id/7000000000022028,http://data.ordnancesurvey.co.uk/ontology/admingeo/County,Yorkshire and the Humber,http://data.ordnancesurvey.co.uk/id/7000000000041430,England,http://data.ordnancesurvey.co.uk/id/country/england,,,
BD235NT,http://data.ordnancesurvey.co.uk/id/postcodeunit/BD235NT,BD23 5NT,,,,other,Postcode,397903,463468,3500,18000,,,,,,,,,,Craven,http://data.ordnancesurvey.co.uk/id/7000000000021698,http://data.ordnancesurvey.co.uk/ontology/admingeo/District,North Yorkshire,http://data.ordnancesurvey.co.uk/id/7000000000022028,http://data.ordnancesurvey.co.uk/ontology/admingeo/County,Yorkshire and the Humber,http://data.ordnancesurvey.co.uk/id/7000000000041430,England,http://data.ordnancesurvey.co.uk/id/country/england,,,
BD240EZ,http://data.ordnancesurvey.co.uk/id/postcodeunit/BD240EZ,BD24 0EZ,,,,other,Postcode,381048,472031,3500,18000,,,,,,,Horton in Ribblesdale,http://data.ordnancesurvey.co.uk/id/4000000074565640,http://www.ordnancesurvey.co.uk/xml/codelists/localtype.xml#village,Craven,http://data.ordnancesurvey.co.uk/id/7000000000021698,http://data.ordnancesurvey.co.uk/ontology/admingeo/District,North Yorkshire,http://data.ordnancesurvey.co.uk/id/7000000000022028,http://data.ordnancesurvey.co.uk/ontology/admingeo/County,Yorkshire and the Humber,http://data.ordnancesurvey.co.uk/id/7000000000041430,England,http://data.ordnancesurvey.co.uk/id/country/england,,,
BD249DE,http://data.ordnancesurvey.co.uk/id/postcodeunit/BD249DE,BD24 9DE,,,,other,Postcode,381631,464034,3500,18000,,,,,,,Settle,http://data.ordnancesurvey.co.uk/id/4000000074565008,http://www.ordnancesurvey.co.uk/xml/codelists/localtype.xml#town,Craven,http://data.ordnancesurvey.co.uk/id/7000000000021698,http://data.ordnancesurvey.co.uk/ontology/admingeo/District,North Yorkshire,http://data.ordnancesurvey.co.uk/id/7000000000022028,http://data.ordnancesurvey.co.uk/ontology/admingeo/County,Yorkshire and the Humber,http://data.ordnancesurvey.co.uk/id/7000000000041430,England,http://data.ordnancesurvey.co.uk/id/country/england,,,
BD249RH,http://data.ordnancesurvey.co.uk/id/postcodeunit/BD249RH,BD24 9RH,,,,other,Postcode,381903,463599,3500,18000,,,,,,,Settle,http://data.ordnancesurvey.co.uk/id/4000000074565008,http://www.ordnancesurvey.co.uk/xml/codelists/localtype.xml#town,Craven,http://data.ordnancesurvey.co.uk/id/7000000000021698,http://data.ordnancesurvey.co.uk/ontology/admingeo/District,North Yorkshire,http://data.ordnancesurvey.co.uk/id/7000000000022028,http://data.ordnancesurvey.co.uk/ontology/admingeo/County,Yorkshire and the Humber,http://data.ordnancesurvey.co.uk/id/7000000000041430,England,http://data.ordnancesurvey.co.uk/id/country/england,,,
BD249DS,http://data.ordnancesurvey.co.uk/id/postcodeunit/BD249DS,BD24 9DS,,,,other,Postcode,381584,464012,3500,18000,,,,,,,Settle,http://data.ordnancesurvey.co.uk/id/4000000074565008,http://www.ordnancesurvey.co.uk/xml/codelists/localtype.xml#town,Craven,http://data.ordnancesurvey.co.uk/id/7000000000021698,http://data.ordnancesurvey.co.uk/ontology/admingeo/District,North Yorkshire,http://data.ordnancesurvey.co.uk/id/7000000000022028,http://data.ordnancesurvey.co.uk/ontology/admingeo/County,Yorkshire and the Humber,http://data.ordnancesurvey.co.uk/id/7000000000041430,England,http://data.ordnancesurvey.co.uk/id/country/england,,,
BD249DQ,http://data.ordnancesurvey.co.uk/id/postcodeunit/BD249DQ,BD24 9DQ,,,,other,Postcode,381614,464010,3500,18000,,,,,,,Settle,http://data.ordnancesurvey.co.uk/id/4000000074565008,http://www.ordnancesurvey.co.uk/xml/codelists/localtype.xml#town,Craven,http://data.ordnancesurvey.co.uk/id/7000000000021698,http://data.ordnancesurvey.co.uk/ontology/admingeo/District,North Yorkshire,http://data.ordnancesurvey.co.uk/id/7000000000022028,http://data.ordnancesurvey.co.uk/ontology/admingeo/County,Yorkshire and the Humber,http://data.ordnancesurvey.co.uk/id/7000000000041430,England,http://data.ordnancesurvey.co.uk/id/country/england,,,
BD249BJ,http://data.ordnancesurvey.co.uk/id/postcodeunit/BD249BJ,BD24 9BJ,,,,other,Postcode,381600,463350,3500,18000,,,,,,,Settle,http://data.ordnancesurvey.co.uk/id/4000000074565008,http://www.ordnancesurvey.co.uk/xml/codelists/localtype.xml#town,Craven,http://data.ordnancesurvey.co.uk/id/7000000000021698,http://data.ordnancesurvey.co.uk/ontology/admingeo/District,North Yorkshire,http://data.ordnancesurvey.co.uk/id/7000000000022028,http://data.ordnancesurvey.co.uk/ontology/admingeo/County,Yorkshire and the Humber,http://data.ordnancesurvey.co.uk/id/7000000000041430,England,http://data.ordnancesurvey.co.uk/id/country/england,,,
BD249AJ,http://data.ordnancesurvey.co.uk/id/postcodeunit/BD249AJ,BD24 9AJ,,,,other,Postcode,381898,463455,3500,18000,,,,,,,Settle,http://data.ordnancesurvey.co.uk/id/4000000074565008,http://www.ordnancesurvey.co.uk/xml/codelists/localtype.xml#town,Craven,http://data.ordnancesurvey.co.uk/id/7000000000021698,http://data.ordnancesurvey.co.uk/ontology/admingeo/District,North Yorkshire,http://data.ordnancesurvey.co.uk/id/7000000000022028,http://data.ordnancesurvey.co.uk/ontology/admingeo/County,Yorkshire and the Humber,http://data.ordnancesurvey.co.uk/id/7000000000041430,England,http://data.ordnancesurvey.co.uk/id/country/england,,,
BD235RF,http://data.ordnancesurvey.co.uk/id/postcodeunit/BD235RF,BD23 5RF,,,,other,Postcode,397338,472298,3500,18000,,,,,,,Kettlewell,http://data.ordnancesurvey.co.uk/id/4000000074564692,http://www.ordnancesurvey.co.uk/xml/codelists/localtype.xml#village,Craven,http://data.ordnancesurvey.co.uk/id/7000000000021698,http://data.ordnancesurvey.co.uk/ontology/admingeo/District,North Yorkshire,http://data.ordnancesurvey.co.uk/id/7000000000022028,http://data.ordnancesurvey.co.uk/ontology/admingeo/County,Yorkshire and the Humber,http://data.ordnancesurvey.co.uk/id/7000000000041430,England,http://data.ordnancesurvey.co.uk/id/country/england,,,
BD249HP,http://data.ordnancesurvey.co.uk/id/postcodeunit/BD249HP,BD24 9HP,,,,other,Postcode,382162,463359,3500,18000,,,,,,,Settle,http://data.ordnancesurvey.co.uk/id/4000000074565008,http://www.ordnancesurvey.co.uk/xml/codelists/localtype.xml#town,Craven,http://data.ordnancesurvey.co.uk/id/7000000000021698,http://data.ordnancesurvey.co.uk/ontology/admingeo/District,North Yorkshire,http://data.ordnancesurvey.co.uk/id/7000000000022028,http://data.ordnancesurvey.co.uk/ontology/admingeo/County,Yorkshire and the Humber,http://data.ordnancesurvey.co.uk/id/7000000000041430,England,http://data.ordnancesurvey.co.uk/id/country/england,,,
BD235RJ,http://data.ordnancesurvey.co.uk/id/postcodeunit/BD235RJ,BD23 5RJ,,,,other,Postcode,397257,472277,3500,18000,,,,,,,Kettlewell,http://data.ordnancesurvey.co.uk/id/4000000074564692,http://www.ordnancesurvey.co.uk/xml/codelists/localtype.xml#village,Craven,http://data.ordnancesurvey.co.uk/id/7000000000021698,http://data.ordnancesurvey.co.uk/ontology/admingeo/District,North Yorkshire,http://data.ordnancesurvey.co.uk/id/7000000000022028,http://data.ordnancesurvey.co.uk/ontology/admingeo/County,Yorkshire and the Humber,http://data.ordnancesurvey.co.uk/id/7000000000041430,England,http://data.ordnancesurvey.co.uk/id/country/england,,,
BD249EZ,http://data.ordnancesurvey.co.uk/id/postcodeunit/BD249EZ,BD24 9EZ,,,,other,Postcode,382098,463524,3500,18000,,,,,,,Settle,http://data.ordnancesurvey.co.uk/id/4000000074565008,http://www.ordnancesurvey.co.uk/xml/codelists/localtype.xml#town,Craven,http://data.ordnancesurvey.co.uk/id/7000000000021698,http://data.ordnancesurvey.co.uk/ontology/admingeo/District,North Yorkshire,http://data.ordnancesurvey.co.uk/id/7000000000022028,http://data.ordnancesurvey.co.uk/ontology/admingeo/County,Yorkshire and the Humber,http://data.ordnancesurvey.co.uk/id/7000000000041430,England,http://data.ordnancesurvey.co.uk/id/country/england,,,
BD235PQ,http://data.ordnancesurvey.co.uk/id/postcodeunit/BD235PQ,BD23 5PQ,,,,other,Postcode,398243,463954,3500,18000,,,,,,,Threshfield,http://data.ordnancesurvey.co.uk/id/4000000074564035,http://www.ordnancesurvey.co.uk/xml/codelists/localtype.xml#village,Craven,http://data.ordnancesurvey.co.uk/id/7000000000021698,http://data.ordnancesurvey.co.uk/ontology/admingeo/District,North Yorkshire,http://data.ordnancesurvey.co.uk/id/7000000000022028,http://data.ordnancesurvey.co.uk/ontology/admingeo/County,Yorkshire and the Humber,http://data.ordnancesurvey.co.uk/id/7000000000041430,England,http://data.ordnancesurvey.co.uk/id/country/england,,,
BD240HB,http://data.ordnancesurvey.co.uk/id/postcodeunit/BD240HB,BD24 0HB,,,,other,Postcode,380958,472134,3500,18000,,,,,,,Horton in Ribblesdale,http://data.ordnancesurvey.co.uk/id/4000000074565640,http://www.ordnancesurvey.co.uk/xml/codelists/localtype.xml#village,Craven,http://data.ordnancesurvey.co.uk/id/7000000000021698,http://data.ordnancesurvey.co.uk/ontology/admingeo/District,North Yorkshire,http://data.ordnancesurvey.co.uk/id/7000000000022028,http://data.ordnancesurvey.co.uk/ontology/admingeo/County,Yorkshire and the Humber,http://data.ordnancesurvey.co.uk/id/7000000000041430,England,http://data.ordnancesurvey.co.uk/id/country/england,,,
BD235PA,http://data.ordnancesurvey.co.uk/id/postcodeunit/BD235PA,BD23 5PA,,,,other,Postcode,398016,464060,3500,18000,,,,,,,,,,Craven,http://data.ordnancesurvey.co.uk/id/7000000000021698,http://data.ordnancesurvey.co.uk/ontology/admingeo/District,North Yorkshire,http://data.ordnancesurvey.co.uk/id/7000000000022028,http://data.ordnancesurvey.co.uk/ontology/admingeo/County,Yorkshire and the Humber,http://data.ordnancesurvey.co.uk/id/7000000000041430,England,http://data.ordnancesurvey.co.uk/id/country/england,,,
BD234BP,http://data.ordnancesurvey.co.uk/id/postcodeunit/BD234BP,BD23 4BP,,,,other,Postcode,390158,461319,3500,18000,,,,,,,Hanlith,http://data.ordnancesurvey.co.uk/id/4000000074568268,http://www.ordnancesurvey.co.uk/xml/codelists/localtype.xml#hamlet,Craven,http://data.ordnancesurvey.co.uk/id/7000000000021698,http://data.ordnancesurvey.co.uk/ontology/admingeo/District,North Yorkshire,http://data.ordnancesurvey.co.uk/id/7000000000022028,http://data.ordnancesurvey.co.uk/ontology/admingeo/County,Yorkshire and the Humber,http://data.ordnancesurvey.co.uk/id/7000000000041430,England,http://data.ordnancesurvey.co.uk/id/country/england,,,
BD235JD,http://data.ordnancesurvey.co.uk/id/postcodeunit/BD235JD,BD23 5JD,,,,other,Postcode,393632,477289,3500,18000,,,,,,,,,,Craven,http://data.ordnancesurvey.co.uk/id/7000000000021698,http://data.ordnancesurvey.co.uk/ontology/admingeo/District,North Yorkshire,http://data.ordnancesurvey.co.uk/id/7000000000022028,http://data.ordnancesurvey.co.uk/ontology/admingeo/County,Yorkshire and the Humber,http://data.ordnancesurvey.co.uk/id/7000000000041430,England,http://data.ordnancesurvey.co.uk/id/country/england,,,
BD240AG,http://data.ordnancesurvey.co.uk/id/postcodeunit/BD240AG,BD24 0AG,,,,other,Postcode,380881,463342,3500,18000,,,,,,,Giggleswick,http://data.ordnancesurvey.co.uk/id/4000000074565013,http://www.ordnancesurvey.co.uk/xml/codelists/localtype.xml#village,Craven,http://data.ordnancesurvey.co.uk/id/7000000000021698,http://data.ordnancesurvey.co.uk/ontology/admingeo/District,North Yorkshire,http://data.ordnancesurvey.co.uk/id/7000000000022028,http://data.ordnancesurvey.co.uk/ontology/admingeo/County,Yorkshire and the Humber,http://data.ordnancesurvey.co.uk/id/7000000000041430,England,http://data.ordnancesurvey.co.uk/id/country/england,,,
BD245AH,http://data.ordnancesurvey.co.uk/id/postcodeunit/BD245AH,BD24 5AH,,,,other,Postcode,381634,463221,3500,18000,,,,,,,Settle,http://data.ordnancesurvey.co.uk/id/4000000074565008,http://www.ordnancesurvey.co.uk/xml/codelists/localtype.xml#town,Craven,http://data.ordnancesurvey.co.uk/id/7000000000021698,http://data.ordnancesurvey.co.uk/ontology/admingeo/District,North Yorkshire,http://data.ordnancesurvey.co.uk/id/7000000000022028,http://data.ordnancesurvey.co.uk/ontology/admingeo/County,Yorkshire and the Humber,http://data.ordnancesurvey.co.uk/id/7000000000041430,England,http://data.ordnancesurvey.co.uk/id/country/england,,,
BD234AW,http://data.ordnancesurvey.co.uk/id/postcodeunit/BD234AW,BD23 4AW,,,,other,Postcode,390158,462894,3500,18000,,,,,,,Malham,http://data.ordnancesurvey.co.uk/id/4000000074564690,http://www.ordnancesurvey.co.uk/xml/codelists/localtype.xml#village,Craven,http://data.ordnancesurvey.co.uk/id/7000000000021698,http://data.ordnancesurvey.co.uk/ontology/admingeo/District,North Yorkshire,http://data.ordnancesurvey.co.uk/id/7000000000022028,http://data.ordnancesurvey.co.uk/ontology/admingeo/County,Yorkshire and the Humber,http://data.ordnancesurvey.co.uk/id/7000000000041430,England,http://data.ordnancesurvey.co.uk/id/country/england,,,
BD249HQ,http://data.ordnancesurvey.co.uk/id/postcodeunit/BD249HQ,BD24 9HQ,,,,other,Postcode,382228,463330,3500,18000,,,,,,,Settle,http://data.ordnancesurvey.co.uk/id/4000000074565008,http://www.ordnancesurvey.co.uk/xml/codelists/localtype.xml#town,Craven,http://data.ordnancesurvey.co.uk/id/7000000000021698,http://data.ordnancesurvey.co.uk/ontology/admingeo/District,North Yorkshire,http://data.ordnancesurvey.co.uk/id/7000000000022028,http://data.ordnancesurvey.co.uk/ontology/admingeo/County,Yorkshire and the Humber,http://data.ordnancesurvey.co.uk/id/7000000000041430,England,http://data.ordnancesurvey.co.uk/id/country/england,,,
BD249BE,http://data.ordnancesurvey.co.uk/id/postcodeunit/BD249BE,BD24 9BE,,,,other,Postcode,381589,463017,3500,18000,,,,,,,Settle,http://data.ordnancesurvey.co.uk/id/4000000074565008,http://www.ordnancesurvey.co.uk/xml/codelists/localtype.xml#town,Craven,http://data.ordnancesurvey.co.uk/id/7000000000021698,http://data.ordnancesurvey.co.uk/ontology/admingeo/District,North Yorkshire,http://data.ordnancesurvey.co.uk/id/7000000000022028,http://data.ordnancesurvey.co.uk/ontology/admingeo/County,Yorkshire and the Humber,http://data.ordnancesurvey.co.uk/id/7000000000041430,England,http://data.ordnancesurvey.co.uk/id/country/england,,,
BD249BW,http://data.ordnancesurvey.co.uk/id/postcodeunit/BD249BW,BD24 9BW,,,,other,Postcode,381720,463570,3500,18000,,,,,,,Settle,http://data.ordnancesurvey.co.uk/id/4000000074565008,http://www.ordnancesurvey.co.uk/xml/codelists/localtype.xml#town,Craven,http://data.ordnancesurvey.co.uk/id/7000000000021698,http://data.ordnancesurvey.co.uk/ontology/admingeo/District,North Yorkshire,http://data.ordnancesurvey.co.uk/id/7000000000022028,http://data.ordnancesurvey.co.uk/ontology/admingeo/County,Yorkshire and the Humber,http://data.ordnancesurvey.co.uk/id/7000000000041430,England,http://data.ordnancesurvey.co.uk/id/country/england,,,
BD249EH,http://data.ordnancesurvey.co.uk/id/postcodeunit/BD249EH,BD24 9EH,,,,other,Postcode,381994,463698,3500,18000,,,,,,,Settle,http://data.ordnancesurvey.co.uk/id/4000000074565008,http://www.ordnancesurvey.co.uk/xml/codelists/localtype.xml#town,Craven,http://data.ordnancesurvey.co.uk/id/7000000000021698,http://data.ordnancesurvey.co.uk/ontology/admingeo/District,North Yorkshire,http://data.ordnancesurvey.co.uk/id/7000000000022028,http://data.ordnancesurvey.co.uk/ontology/admingeo/County,Yorkshire and the Humber,http://data.ordnancesurvey.co.uk/id/7000000000041430,England,http://data.ordnancesurvey.co.uk/id/country/england,,,
BD235PS,http://data.ordnancesurvey.co.uk/id/postcodeunit/BD235PS,BD23 5PS,,,,other,Postcode,397445,467768,3500,18000,,,,,,,Kilnsey,http://data.ordnancesurvey.co.uk/id/4000000074564689,http://www.ordnancesurvey.co.uk/xml/codelists/localtype.xml#hamlet,Craven,http://data.ordnancesurvey.co.uk/id/7000000000021698,http://data.ordnancesurvey.co.uk/ontology/admingeo/District,North Yorkshire,http://data.ordnancesurvey.co.uk/id/7000000000022028,http://data.ordnancesurvey.co.uk/ontology/admingeo/County,Yorkshire and the Humber,http://data.ordnancesurvey.co.uk/id/7000000000041430,England,http://data.ordnancesurvey.co.uk/id/country/england,,,
BD235PZ,http://data.ordnancesurvey.co.uk/id/postcodeunit/BD235PZ,BD23 5PZ,,,,other,Postcode,398034,464850,3500,18000,,,,,,,Long Ashes,http://data.ordnancesurvey.co.uk/id/4000000074564364,http://www.ordnancesurvey.co.uk/xml/codelists/localtype.xml#village,Craven,http://data.ordnancesurvey.co.uk/id/7000000000021698,http://data.ordnancesurvey.co.uk/ontology/admingeo/District,North Yorkshire,http://data.ordnancesurvey.co.uk/id/7000000000022028,http://data.ordnancesurvey.co.uk/ontology/admingeo/County,Yorkshire and the Humber,http://data.ordnancesurvey.co.uk/id/7000000000041430,England,http://data.ordnancesurvey.co.uk/id/country/england,,,
BD249PX,http://data.ordnancesurvey.co.uk/id/postcodeunit/BD249PX,BD24 9PX,,,,other,Postcode,388447,469533,3500,18000,,,,,,,,,,Craven,http://data.ordnancesurvey.co.uk/id/7000000000021698,http://data.ordnancesurvey.co.uk/ontology/admingeo/District,North Yorkshire,http://data.ordnancesurvey.co.uk/id/7000000000022028,http://data.ordnancesurvey.co.uk/ontology/admingeo/County,Yorkshire and the Humber,http://data.ordnancesurvey.co.uk/id/7000000000041430,England,http://data.ordnancesurvey.co.uk/id/country/england,,,
BD249DP,http://data.ordnancesurvey.co.uk/id/postcodeunit/BD249DP,BD24 9DP,,,,other,Postcode,381939,463580,3500,18000,,,,,,,Settle,http://data.ordnancesurvey.co.uk/id/4000000074565008,http://www.ordnancesurvey.co.uk/xml/codelists/localtype.xml#town,Craven,http://data.ordnancesurvey.co.uk/id/7000000000021698,http://data.ordnancesurvey.co.uk/ontology/admingeo/District,North Yorkshire,http://data.ordnancesurvey.co.uk/id/7000000000022028,http://data.ordnancesurvey.co.uk/ontology/admingeo/County,Yorkshire and the Humber,http://data.ordnancesurvey.co.uk/id/7000000000041430,England,http://data.ordnancesurvey.co.uk/id/country/england,,,
BD249RE,http://data.ordnancesurvey.co.uk/id/postcodeunit/BD249RE,BD24 9RE,,,,other,Postcode,382138,463260,3500,18000,,,,,,,Settle,http://data.ordnancesurvey.co.uk/id/4000000074565008,http://www.ordnancesurvey.co.uk/xml/codelists/localtype.xml#town,Craven,http://data.ordnancesurvey.co.uk/id/7000000000021698,http://data.ordnancesurvey.co.uk/ontology/admingeo/District,North Yorkshire,http://data.ordnancesurvey.co.uk/id/7000000000022028,http://data.ordnancesurvey.co.uk/ontology/admingeo/County,Yorkshire and the Humber,http://data.ordnancesurvey.co.uk/id/7000000000041430,England,http://data.ordnancesurvey.co.uk/id/country/england,,,
BD235QB,http://data.ordnancesurvey.co.uk/id/postcodeunit/BD235QB,BD23 5QB,,,,other,Postcode,393209,472012,3500,18000,,,,,,,Arncliffe,http://data.ordnancesurvey.co.uk/id/4000000074564694,http://www.ordnancesurvey.co.uk/xml/codelists/localtype.xml#village,Craven,http://data.ordnancesurvey.co.uk/id/7000000000021698,http://data.ordnancesurvey.co.uk/ontology/admingeo/District,North Yorkshire,http://data.ordnancesurvey.co.uk/id/7000000000022028,http://data.ordnancesurvey.co.uk/ontology/admingeo/County,Yorkshire and the Humber,http://data.ordnancesurvey.co.uk/id/7000000000041430,England,http://data.ordnancesurvey.co.uk/id/country/england,,,
BD249LS,http://data.ordnancesurvey.co.uk/id/postcodeunit/BD249LS,BD24 9LS,,,,other,Postcode,382074,467225,3500,18000,,,,,,,Stainforth,http://data.ordnancesurvey.co.uk/id/4000000074565011,http://www.ordnancesurvey.co.uk/xml/codelists/localtype.xml#village,Craven,http://data.ordnancesurvey.co.uk/id/7000000000021698,http://data.ordnancesurvey.co.uk/ontology/admingeo/District,North Yorkshire,http://data.ordnancesurvey.co.uk/id/7000000000022028,http://data.ordnancesurvey.co.uk/ontology/admingeo/County,Yorkshire and the Humber,http://data.ordnancesurvey.co.uk/id/7000000000041430,England,http://data.ordnancesurvey.co.uk/id/country/england,,,
BD235JJ,http://data.ordnancesurvey.co.uk/id/postcodeunit/BD235JJ,BD23 5JJ,,,,other,Postcode,389400,479754,3500,18000,,,,,,,,,,Craven,http://data.ordnancesurvey.co.uk/id/7000000000021698,http://data.ordnancesurvey.co.uk/ontology/admingeo/District,North Yorkshire,http://data.ordnancesurvey.co.uk/id/7000000000022028,http://data.ordnancesurvey.co.uk/ontology/admingeo/County,Yorkshire and the Humber,http://data.ordnancesurvey.co.uk/id/7000000000041430,England,http://data.ordnancesurvey.co.uk/id/country/england,,,
BD235PJ,http://data.ordnancesurvey.co.uk/id/postcodeunit/BD235PJ,BD23 5PJ,,,,other,Postcode,397792,464950,3500,18000,,,,,,,Long Ashes,http://data.ordnancesurvey.co.uk/id/4000000074564364,http://www.ordnancesurvey.co.uk/xml/codelists/localtype.xml#village,Craven,http://data.ordnancesurvey.co.uk/id/7000000000021698,http://data.ordnancesurvey.co.uk/ontology/admingeo/District,North Yorkshire,http://data.ordnancesurvey.co.uk/id/7000000000022028,http://data.ordnancesurvey.co.uk/ontology/admingeo/County,Yorkshire and the Humber,http://data.ordnancesurvey.co.uk/id/7000000000041430,England,http://data.ordnancesurvey.co.uk/id/country/england,,,
BD235HT,http://data.ordnancesurvey.co.uk/id/postcodeunit/BD235HT,BD23 5HT,,,,other,Postcode,397825,470008,3500,18000,,,,,,,,,,Craven,http://data.ordnancesurvey.co.uk/id/7000000000021698,http://data.ordnancesurvey.co.uk/ontology/admingeo/District,North Yorkshire,http://data.ordnancesurvey.co.uk/id/7000000000022028,http://data.ordnancesurvey.co.uk/ontology/admingeo/County,Yorkshire and the Humber,http://data.ordnancesurvey.co.uk/id/7000000000041430,England,http://data.ordnancesurvey.co.uk/id/country/england,,,
BD235NS,http://data.ordnancesurvey.co.uk/id/postcodeunit/BD235NS,BD23 5NS,,,,other,Postcode,398624,463245,3500,18000,,,,,,,,,,Craven,http://data.ordnancesurvey.co.uk/id/7000000000021698,http://data.ordnancesurvey.co.uk/ontology/admingeo/District,North Yorkshire,http://data.ordnancesurvey.co.uk/id/7000000000022028,http://data.ordnancesurvey.co.uk/ontology/admingeo/County,Yorkshire and the Humber,http://data.ordnancesurvey.co.uk/id/7000000000041430,England,http://data.ordnancesurvey.co.uk/id/country/england,,,
BD240HQ,http://data.ordnancesurvey.co.uk/id/postcodeunit/BD240HQ,BD24 0HQ,,,,other,Postcode,380794,472680,3500,18000,,,,,,,Horton in Ribblesdale,http://data.ordnancesurvey.co.uk/id/4000000074565640,http://www.ordnancesurvey.co.uk/xml/codelists/localtype.xml#village,Craven,http://data.ordnancesurvey.co.uk/id/7000000000021698,http://data.ordnancesurvey.co.uk/ontology/admingeo/District,North Yorkshire,http://data.ordnancesurvey.co.uk/id/7000000000022028,http://data.ordnancesurvey.co.uk/ontology/admingeo/County,Yorkshire and the Humber,http://data.ordnancesurvey.co.uk/id/7000000000041430,England,http://data.ordnancesurvey.co.uk/id/country/england,,,
BD235EU,http://data.ordnancesurvey.co.uk/id/postcodeunit/BD235EU,BD23 5EU,,,,other,Postcode,399162,463812,3500,18000,,,,,,,Threshfield,http://data.ordnancesurvey.co.uk/id/4000000074564035,http://www.ordnancesurvey.co.uk/xml/codelists/localtype.xml#village,Craven,http://data.ordnancesurvey.co.uk/id/7000000000021698,http://data.ordnancesurvey.co.uk/ontology/admingeo/District,North Yorkshire,http://data.ordnancesurvey.co.uk/id/7000000000022028,http://data.ordnancesurvey.co.uk/ontology/admingeo/County,Yorkshire and the Humber,http://data.ordnancesurvey.co.uk/id/7000000000041430,England,http://data.ordnancesurvey.co.uk/id/country/england,,,
BD235EP,http://data.ordnancesurvey.co.uk/id/postcodeunit/BD235EP,BD23 5EP,,,,other,Postcode,399628,463844,3500,18000,,,,,,,Threshfield,http://data.ordnancesurvey.co.uk/id/4000000074564035,http://www.ordnancesurvey.co.uk/xml/codelists/localtype.xml#village,Craven,http://data.ordnancesurvey.co.uk/id/7000000000021698,http://data.ordnancesurvey.co.uk/ontology/admingeo/District,North Yorkshire,http://data.ordnancesurvey.co.uk/id/7000000000022028,http://data.ordnancesurvey.co.uk/ontology/admingeo/County,Yorkshire and the Humber,http://data.ordnancesurvey.co.uk/id/7000000000041430,England,http://data.ordnancesurvey.co.uk/id/country/england,,,
BD235RD,http://data.ordnancesurvey.co.uk/id/postcodeunit/BD235RD,BD23 5RD,,,,other,Postcode,397064,472277,3500,18000,,,,,,,Kettlewell,http://data.ordnancesurvey.co.uk/id/4000000074564692,http://www.ordnancesurvey.co.uk/xml/codelists/localtype.xml#village,Craven,http://data.ordnancesurvey.co.uk/id/7000000000021698,http://data.ordnancesurvey.co.uk/ontology/admingeo/District,North Yorkshire,http://data.ordnancesurvey.co.uk/id/7000000000022028,http://data.ordnancesurvey.co.uk/ontology/admingeo/County,Yorkshire and the Humber,http://data.ordnancesurvey.co.uk/id/7000000000041430,England,http://data.ordnancesurvey.co.uk/id/country/england,,,
BD249RW,http://data.ordnancesurvey.co.uk/id/postcodeunit/BD249RW,BD24 9RW,,,,other,Postcode,382085,463450,3500,18000,,,,,,,Settle,http://data.ordnancesurvey.co.uk/id/4000000074565008,http://www.ordnancesurvey.co.uk/xml/codelists/localtype.xml#town,Craven,http://data.ordnancesurvey.co.uk/id/7000000000021698,http://data.ordnancesurvey.co.uk/ontology/admingeo/District,North Yorkshire,http://data.ordnancesurvey.co.uk/id/7000000000022028,http://data.ordnancesurvey.co.uk/ontology/admingeo/County,Yorkshire and the Humber,http://data.ordnancesurvey.co.uk/id/7000000000041430,England,http://data.ordnancesurvey.co.uk/id/country/england,,,
BD249NH,http://data.ordnancesurvey.co.uk/id/postcodeunit/BD249NH,BD24 9NH,,,,other,Postcode,382143,465052,3500,18000,,,,,,,Langcliffe,http://data.ordnancesurvey.co.uk/id/4000000074565009,http://www.ordnancesurvey.co.uk/xml/codelists/localtype.xml#village,Craven,http://data.ordnancesurvey.co.uk/id/7000000000021698,http://data.ordnancesurvey.co.uk/ontology/admingeo/District,North Yorkshire,http://data.ordnancesurvey.co.uk/id/7000000000022028,http://data.ordnancesurvey.co.uk/ontology/admingeo/County,Yorkshire and the Humber,http://data.ordnancesurvey.co.uk/id/7000000000041430,England,http://data.ordnancesurvey.co.uk/id/country/england,,,
BD235QH,http://data.ordnancesurvey.co.uk/id/postcodeunit/BD235QH,BD23 5QH,,,,other,Postcode,391450,473497,3500,18000,,,,,,,,,,Craven,http://data.ordnancesurvey.co.uk/id/7000000000021698,http://data.ordnancesurvey.co.uk/ontology/admingeo/District,North Yorkshire,http://data.ordnancesurvey.co.uk/id/7000000000022028,http://data.ordnancesurvey.co.uk/ontology/admingeo/County,Yorkshire and the Humber,http://data.ordnancesurvey.co.uk/id/7000000000041430,England,http://data.ordnancesurvey.co.uk/id/country/england,,,
BD249AU,http://data.ordnancesurvey.co.uk/id/postcodeunit/BD249AU,BD24 9AU,,,,other,Postcode,381702,463227,3500,18000,,,,,,,Settle,http://data.ordnancesurvey.co.uk/id/4000000074565008,http://www.ordnancesurvey.co.uk/xml/codelists/localtype.xml#town,Craven,http://data.ordnancesurvey.co.uk/id/7000000000021698,http://data.ordnancesurvey.co.uk/ontology/admingeo/District,North Yorkshire,http://data.ordnancesurvey.co.uk/id/7000000000022028,http://data.ordnancesurvey.co.uk/ontology/admingeo/County,Yorkshire and the Humber,http://data.ordnancesurvey.co.uk/id/7000000000041430,England,http://data.ordnancesurvey.co.uk/id/country/england,,,
BD249NQ,http://data.ordnancesurvey.co.uk/id/postcodeunit/BD249NQ,BD24 9NQ,,,,other,Postcode,382140,465081,3500,18000,,,,,,,Langcliffe,http://data.ordnancesurvey.co.uk/id/4000000074565009,http://www.ordnancesurvey.co.uk/xml/codelists/localtype.xml#village,Craven,http://data.ordnancesurvey.co.uk/id/7000000000021698,http://data.ordnancesurvey.co.uk/ontology/admingeo/District,North Yorkshire,http://data.ordnancesurvey.co.uk/id/7000000000022028,http://data.ordnancesurvey.co.uk/ontology/admingeo/County,Yorkshire and the Humber,http://data.ordnancesurvey.co.uk/id/7000000000041430,England,http://data.ordnancesurvey.co.uk/id/country/england,,,
BD249EU,http://data.ordnancesurvey.co.uk/id/postcodeunit/BD249EU,BD24 9EU,,,,other,Postcode,382059,463668,3500,18000,,,,,,,Settle,http://data.ordnancesurvey.co.uk/id/4000000074565008,http://www.ordnancesurvey.co.uk/xml/codelists/localtype.xml#town,Craven,http://data.ordnancesurvey.co.uk/id/7000000000021698,http://data.ordnancesurvey.co.uk/ontology/admingeo/District,North Yorkshire,http://data.ordnancesurvey.co.uk/id/7000000000022028,http://data.ordnancesurvey.co.uk/ontology/admingeo/County,Yorkshire and the Humber,http://data.ordnancesurvey.co.uk/id/7000000000041430,England,http://data.ordnancesurvey.co.uk/id/country/england,,,
BD249PR,http://data.ordnancesurvey.co.uk/id/postcodeunit/BD249PR,BD24 9PR,,,,other,Postcode,386766,466747,3500,18000,,,,,,,,,,Craven,http://data.ordnancesurvey.co.uk/id/7000000000021698,http://data.ordnancesurvey.co.uk/ontology/admingeo/District,North Yorkshire,http://data.ordnancesurvey.co.uk/id/7000000000022028,http://data.ordnancesurvey.co.uk/ontology/admingeo/County,Yorkshire and the Humber,http://data.ordnancesurvey.co.uk/id/7000000000041430,England,http://data.ordnancesurvey.co.uk/id/country/england,,,
BD235RY,http://data.ordnancesurvey.co.uk/id/postcodeunit/BD235RY,BD23 5RY,,,,other,Postcode,397923,464787,3500,18000,,,,,,,Long Ashes,http://data.ordnancesurvey.co.uk/id/4000000074564364,http://www.ordnancesurvey.co.uk/xml/codelists/localtype.xml#village,Craven,http://data.ordnancesurvey.co.uk/id/7000000000021698,http://data.ordnancesurvey.co.uk/ontology/admingeo/District,North Yorkshire,http://data.ordnancesurvey.co.uk/id/7000000000022028,http://data.ordnancesurvey.co.uk/ontology/admingeo/County,Yorkshire and the Humber,http://data.ordnancesurvey.co.uk/id/7000000000041430,England,http://data.ordnancesurvey.co.uk/id/country/england,,,
BD236ND,http://data.ordnancesurvey.co.uk/id/postcodeunit/BD236ND,BD23 6ND,,,,other,Postcode,395081,462758,3500,18000,,,,,,,,,,Craven,http://data.ordnancesurvey.co.uk/id/7000000000021698,http://data.ordnancesurvey.co.uk/ontology/admingeo/District,North Yorkshire,http://data.ordnancesurvey.co.uk/id/7000000000022028,http://data.ordnancesurvey.co.uk/ontology/admingeo/County,Yorkshire and the Humber,http://data.ordnancesurvey.co.uk/id/7000000000041430,England,http://data.ordnancesurvey.co.uk/id/country/england,,,
BD240DQ,http://data.ordnancesurvey.co.uk/id/postcodeunit/BD240DQ,BD24 0DQ,,,,other,Postcode,380605,464490,3500,18000,,,,,,,,,,Craven,http://data.ordnancesurvey.co.uk/id/7000000000021698,http://data.ordnancesurvey.co.uk/ontology/admingeo/District,North Yorkshire,http://data.ordnancesurvey.co.uk/id/7000000000022028,http://data.ordnancesurvey.co.uk/ontology/admingeo/County,Yorkshire and the Humber,http://data.ordnancesurvey.co.uk/id/7000000000041430,England,http://data.ordnancesurvey.co.uk/id/country/england,,,
BD240EN,http://data.ordnancesurvey.co.uk/id/postcodeunit/BD240EN,BD24 0EN,,,,other,Postcode,380411,469985,3500,18000,,,,,,,,,,Craven,http://data.ordnancesurvey.co.uk/id/7000000000021698,http://data.ordnancesurvey.co.uk/ontology/admingeo/District,North Yorkshire,http://data.ordnancesurvey.co.uk/id/7000000000022028,http://data.ordnancesurvey.co.uk/ontology/admingeo/County,Yorkshire and the Humber,http://data.ordnancesurvey.co.uk/id/7000000000041430,England,http://data.ordnancesurvey.co.uk/id/country/england,,,
BD235HE,http://data.ordnancesurvey.co.uk/id/postcodeunit/BD235HE,BD23 5HE,,,,other,Postcode,399120,463523,3500,18000,,,,,,,Threshfield,http://data.ordnancesurvey.co.uk/id/4000000074564035,http://www.ordnancesurvey.co.uk/xml/codelists/localtype.xml#village,Craven,http://data.ordnancesurvey.co.uk/id/7000000000021698,http://data.ordnancesurvey.co.uk/ontology/admingeo/District,North Yorkshire,http://data.ordnancesurvey.co.uk/id/7000000000022028,http://data.ordnancesurvey.co.uk/ontology/admingeo/County,Yorkshire and the Humber,http://data.ordnancesurvey.co.uk/id/7000000000041430,England,http://data.ordnancesurvey.co.uk/id/country/england,,,
BD235HS,http://data.ordnancesurvey.co.uk/id/postcodeunit/BD235HS,BD23 5HS,,,,other,Postcode,398136,467461,3500,18000,,,,,,,Conistone,http://data.ordnancesurvey.co.uk/id/4000000074564366,http://www.ordnancesurvey.co.uk/xml/codelists/localtype.xml#village,Craven,http://data.ordnancesurvey.co.uk/id/7000000000021698,http://data.ordnancesurvey.co.uk/ontology/admingeo/District,North Yorkshire,http://data.ordnancesurvey.co.uk/id/7000000000022028,http://data.ordnancesurvey.co.uk/ontology/admingeo/County,Yorkshire and the Humber,http://data.ordnancesurvey.co.uk/id/7000000000041430,England,http://data.ordnancesurvey.co.uk/id/country/england,,,
BD235RL,http://data.ordnancesurvey.co.uk/id/postcodeunit/BD235RL,BD23 5RL,,,,other,Postcode,397346,472358,3500,18000,,,,,,,Kettlewell,http://data.ordnancesurvey.co.uk/id/4000000074564692,http://www.ordnancesurvey.co.uk/xml/codelists/localtype.xml#village,Craven,http://data.ordnancesurvey.co.uk/id/7000000000021698,http://data.ordnancesurvey.co.uk/ontology/admingeo/District,North Yorkshire,http://data.ordnancesurvey.co.uk/id/7000000000022028,http://data.ordnancesurvey.co.uk/ontology/admingeo/County,Yorkshire and the Humber,http://data.ordnancesurvey.co.uk/id/7000000000041430,England,http://data.ordnancesurvey.co.uk/id/country/england,,,
BD240BA,http://data.ordnancesurvey.co.uk/id/postcodeunit/BD240BA,BD24 0BA,,,,other,Postcode,381280,464052,3500,18000,,,,,,,Giggleswick,http://data.ordnancesurvey.co.uk/id/4000000074565013,http://www.ordnancesurvey.co.uk/xml/codelists/localtype.xml#village,Craven,http://data.ordnancesurvey.co.uk/id/7000000000021698,http://data.ordnancesurvey.co.uk/ontology/admingeo/District,North Yorkshire,http://data.ordnancesurvey.co.uk/id/7000000000022028,http://data.ordnancesurvey.co.uk/ontology/admingeo/County,Yorkshire and the Humber,http://data.ordnancesurvey.co.uk/id/7000000000041430,England,http://data.ordnancesurvey.co.uk/id/country/england,,,
BD235BT,http://data.ordnancesurvey.co.uk/id/postcodeunit/BD235BT,BD23 5BT,,,,other,Postcode,399116,464153,3500,18000,,,,,,,Threshfield,http://data.ordnancesurvey.co.uk/id/4000000074564035,http://www.ordnancesurvey.co.uk/xml/codelists/localtype.xml#village,Craven,http://data.ordnancesurvey.co.uk/id/7000000000021698,http://data.ordnancesurvey.co.uk/ontology/admingeo/District,North Yorkshire,http://data.ordnancesurvey.co.uk/id/7000000000022028,http://data.ordnancesurvey.co.uk/ontology/admingeo/County,Yorkshire and the Humber,http://data.ordnancesurvey.co.uk/id/7000000000041430,England,http://data.ordnancesurvey.co.uk/id/country/england,,,
BD240DH,http://data.ordnancesurvey.co.uk/id/postcodeunit/BD240DH,BD24 0DH,,,,other,Postcode,380809,464862,3500,18000,,,,,,,,,,Craven,http://data.ordnancesurvey.co.uk/id/7000000000021698,http://data.ordnancesurvey.co.uk/ontology/admingeo/District,North Yorkshire,http://data.ordnancesurvey.co.uk/id/7000000000022028,http://data.ordnancesurvey.co.uk/ontology/admingeo/County,Yorkshire and the Humber,http://data.ordnancesurvey.co.uk/id/7000000000041430,England,http://data.ordnancesurvey.co.uk/id/country/england,,,
BD235JU,http://data.ordnancesurvey.co.uk/id/postcodeunit/BD235JU,BD23 5JU,,,,other,Postcode,394171,477033,3500,18000,,,,,,,Buckden,http://data.ordnancesurvey.co.uk/id/4000000074568272,http://www.ordnancesurvey.co.uk/xml/codelists/localtype.xml#village,Craven,http://data.ordnancesurvey.co.uk/id/7000000000021698,http://data.ordnancesurvey.co.uk/ontology/admingeo/District,North Yorkshire,http://data.ordnancesurvey.co.uk/id/7000000000022028,http://data.ordnancesurvey.co.uk/ontology/admingeo/County,Yorkshire and the Humber,http://data.ordnancesurvey.co.uk/id/7000000000041430,England,http://data.ordnancesurvey.co.uk/id/country/england,,,
BD249DB,http://data.ordnancesurvey.co.uk/id/postcodeunit/BD249DB,BD24 9DB,,,,other,Postcode,381646,463958,3500,18000,,,,,,,Settle,http://data.ordnancesurvey.co.uk/id/4000000074565008,http://www.ordnancesurvey.co.uk/xml/codelists/localtype.xml#town,Craven,http://data.ordnancesurvey.co.uk/id/7000000000021698,http://data.ordnancesurvey.co.uk/ontology/admingeo/District,North Yorkshire,http://data.ordnancesurvey.co.uk/id/7000000000022028,http://data.ordnancesurvey.co.uk/ontology/admingeo/County,Yorkshire and the Humber,http://data.ordnancesurvey.co.uk/id/7000000000041430,England,http://data.ordnancesurvey.co.uk/id/country/england,,,
BD240DR,http://data.ordnancesurvey.co.uk/id/postcodeunit/BD240DR,BD24 0DR,,,,other,Postcode,380753,464019,3500,18000,,,,,,,Giggleswick,http://data.ordnancesurvey.co.uk/id/4000000074565013,http://www.ordnancesurvey.co.uk/xml/codelists/localtype.xml#village,Craven,http://data.ordnancesurvey.co.uk/id/7000000000021698,http://data.ordnancesurvey.co.uk/ontology/admingeo/District,North Yorkshire,http://data.ordnancesurvey.co.uk/id/7000000000022028,http://data.ordnancesurvey.co.uk/ontology/admingeo/County,Yorkshire and the Humber,http://data.ordnancesurvey.co.uk/id/7000000000041430,England,http://data.ordnancesurvey.co.uk/id/country/england,,,
BD235HF,http://data.ordnancesurvey.co.uk/id/postcodeunit/BD235HF,BD23 5HF,,,,other,Postcode,399107,463808,3500,18000,,,,,,,Threshfield,http://data.ordnancesurvey.co.uk/id/4000000074564035,http://www.ordnancesurvey.co.uk/xml/codelists/localtype.xml#village,Craven,http://data.ordnancesurvey.co.uk/id/7000000000021698,http://data.ordnancesurvey.co.uk/ontology/admingeo/District,North Yorkshire,http://data.ordnancesurvey.co.uk/id/7000000000022028,http://data.ordnancesurvey.co.uk/ontology/admingeo/County,Yorkshire and the Humber,http://data.ordnancesurvey.co.uk/id/7000000000041430,England,http://data.ordnancesurvey.co.uk/id/country/england,,,
BD249JU,http://data.ordnancesurvey.co.uk/id/postcodeunit/BD249JU,BD24 9JU,,,,other,Postcode,381184,462548,3500,18000,,,,,,,,,,Craven,http://data.ordnancesurvey.co.uk/id/7000000000021698,http://data.ordnancesurvey.co.uk/ontology/admingeo/District,North Yorkshire,http://data.ordnancesurvey.co.uk/id/7000000000022028,http://data.ordnancesurvey.co.uk/ontology/admingeo/County,Yorkshire and the Humber,http://data.ordnancesurvey.co.uk/id/7000000000041430,England,http://data.ordnancesurvey.co.uk/id/country/england,,,
BD235PF,http://data.ordnancesurvey.co.uk/id/postcodeunit/BD235PF,BD23 5PF,,,,other,Postcode,398113,464817,3500,18000,,,,,,,Long Ashes,http://data.ordnancesurvey.co.uk/id/4000000074564364,http://www.ordnancesurvey.co.uk/xml/codelists/localtype.xml#village,Craven,http://data.ordnancesurvey.co.uk/id/7000000000021698,http://data.ordnancesurvey.co.uk/ontology/admingeo/District,North Yorkshire,http://data.ordnancesurvey.co.uk/id/7000000000022028,http://data.ordnancesurvey.co.uk/ontology/admingeo/County,Yorkshire and the Humber,http://data.ordnancesurvey.co.uk/id/7000000000041430,England,http://data.ordnancesurvey.co.uk/id/country/england,,,
BD249HN,http://data.ordnancesurvey.co.uk/id/postcodeunit/BD249HN,BD24 9HN,,,,other,Postcode,382143,463212,3500,18000,,,,,,,Settle,http://data.ordnancesurvey.co.uk/id/4000000074565008,http://www.ordnancesurvey.co.uk/xml/codelists/localtype.xml#town,Craven,http://data.ordnancesurvey.co.uk/id/7000000000021698,http://data.ordnancesurvey.co.uk/ontology/admingeo/District,North Yorkshire,http://data.ordnancesurvey.co.uk/id/7000000000022028,http://data.ordnancesurvey.co.uk/ontology/admingeo/County,Yorkshire and the Humber,http://data.ordnancesurvey.co.uk/id/7000000000041430,England,http://data.ordnancesurvey.co.uk/id/country/england,,,
BD240BJ,http://data.ordnancesurvey.co.uk/id/postcodeunit/BD240BJ,BD24 0BJ,,,,other,Postcode,381064,464027,3500,18000,,,,,,,Giggleswick,http://data.ordnancesurvey.co.uk/id/4000000074565013,http://www.ordnancesurvey.co.uk/xml/codelists/localtype.xml#village,Craven,http://data.ordnancesurvey.co.uk/id/7000000000021698,http://data.ordnancesurvey.co.uk/ontology/admingeo/District,North Yorkshire,http://data.ordnancesurvey.co.uk/id/7000000000022028,http://data.ordnancesurvey.co.uk/ontology/admingeo/County,Yorkshire and the Humber,http://data.ordnancesurvey.co.uk/id/7000000000041430,England,http://data.ordnancesurvey.co.uk/id/country/england,,,
BD240AF,http://data.ordnancesurvey.co.uk/id/postcodeunit/BD240AF,BD24 0AF,,,,other,Postcode,381291,463376,3500,18000,,,,,,,Giggleswick,http://data.ordnancesurvey.co.uk/id/4000000074565013,http://www.ordnancesurvey.co.uk/xml/codelists/localtype.xml#village,Craven,http://data.ordnancesurvey.co.uk/id/7000000000021698,http://data.ordnancesurvey.co.uk/ontology/admingeo/District,North Yorkshire,http://data.ordnancesurvey.co.uk/id/7000000000022028,http://data.ordnancesurvey.co.uk/ontology/admingeo/County,Yorkshire and the Humber,http://data.ordnancesurvey.co.uk/id/7000000000041430,England,http://data.ordnancesurvey.co.uk/id/country/england,,,
BD236NE,http://data.ordnancesurvey.co.uk/id/postcodeunit/BD236NE,BD23 6NE,,,,other,Postcode,394222,464951,3500,18000,,,,,,,Bordley,http://data.ordnancesurvey.co.uk/id/4000000074564365,http://www.ordnancesurvey.co.uk/xml/codelists/localtype.xml#otherSettlement,Craven,http://data.ordnancesurvey.co.uk/id/7000000000021698,http://data.ordnancesurvey.co.uk/ontology/admingeo/District,North Yorkshire,http://data.ordnancesurvey.co.uk/id/7000000000022028,http://data.ordnancesurvey.co.uk/ontology/admingeo/County,Yorkshire and the Humber,http://data.ordnancesurvey.co.uk/id/7000000000041430,England,http://data.ordnancesurvey.co.uk/id/country/england,,,
BD249JJ,http://data.ordnancesurvey.co.uk/id/postcodeunit/BD249JJ,BD24 9JJ,,,,other,Postcode,381729,463997,3500,18000,,,,,,,Settle,http://data.ordnancesurvey.co.uk/id/4000000074565008,http://www.ordnancesurvey.co.uk/xml/codelists/localtype.xml#town,Craven,http://data.ordnancesurvey.co.uk/id/7000000000021698,http://data.ordnancesurvey.co.uk/ontology/admingeo/District,North Yorkshire,http://data.ordnancesurvey.co.uk/id/7000000000022028,http://data.ordnancesurvey.co.uk/ontology/admingeo/County,Yorkshire and the Humber,http://data.ordnancesurvey.co.uk/id/7000000000041430,England,http://data.ordnancesurvey.co.uk/id/country/england,,,
BD234BU,http://data.ordnancesurvey.co.uk/id/postcodeunit/BD234BU,BD23 4BU,,,,other,Postcode,389377,461108,3500,18000,,,,,,,Kirkby Malham,http://data.ordnancesurvey.co.uk/id/4000000074563390,http://www.ordnancesurvey.co.uk/xml/codelists/localtype.xml#village,Craven,http://data.ordnancesurvey.co.uk/id/7000000000021698,http://data.ordnancesurvey.co.uk/ontology/admingeo/District,North Yorkshire,http://data.ordnancesurvey.co.uk/id/7000000000022028,http://data.ordnancesurvey.co.uk/ontology/admingeo/County,Yorkshire and the Humber,http://data.ordnancesurvey.co.uk/id/7000000000041430,England,http://data.ordnancesurvey.co.uk/id/country/england,,,
BD249HL,http://data.ordnancesurvey.co.uk/id/postcodeunit/BD249HL,BD24 9HL,,,,other,Postcode,382175,463262,3500,18000,,,,,,,Settle,http://data.ordnancesurvey.co.uk/id/4000000074565008,http://www.ordnancesurvey.co.uk/xml/codelists/localtype.xml#town,Craven,http://data.ordnancesurvey.co.uk/id/7000000000021698,http://data.ordnancesurvey.co.uk/ontology/admingeo/District,North Yorkshire,http://data.ordnancesurvey.co.uk/id/7000000000022028,http://data.ordnancesurvey.co.uk/ontology/admingeo/County,Yorkshire and the Humber,http://data.ordnancesurvey.co.uk/id/7000000000041430,England,http://data.ordnancesurvey.co.uk/id/country/england,,,
BD249NG,http://data.ordnancesurvey.co.uk/id/postcodeunit/BD249NG,BD24 9NG,,,,other,Postcode,382225,465132,3500,18000,,,,,,,Langcliffe,http://data.ordnancesurvey.co.uk/id/4000000074565009,http://www.ordnancesurvey.co.uk/xml/codelists/localtype.xml#village,Craven,http://data.ordnancesurvey.co.uk/id/7000000000021698,http://data.ordnancesurvey.co.uk/ontology/admingeo/District,North Yorkshire,http://data.ordnancesurvey.co.uk/id/7000000000022028,http://data.ordnancesurvey.co.uk/ontology/admingeo/County,Yorkshire and the Humber,http://data.ordnancesurvey.co.uk/id/7000000000041430,England,http://data.ordnancesurvey.co.uk/id/country/england,,,
BD249ET,http://data.ordnancesurvey.co.uk/id/postcodeunit/BD249ET,BD24 9ET,,,,other,Postcode,382108,463578,3500,18000,,,,,,,Settle,http://data.ordnancesurvey.co.uk/id/4000000074565008,http://www.ordnancesurvey.co.uk/xml/codelists/localtype.xml#town,Craven,http://data.ordnancesurvey.co.uk/id/7000000000021698,http://data.ordnancesurvey.co.uk/ontology/admingeo/District,North Yorkshire,http://data.ordnancesurvey.co.uk/id/7000000000022028,http://data.ordnancesurvey.co.uk/ontology/admingeo/County,Yorkshire and the Humber,http://data.ordnancesurvey.co.uk/id/7000000000041430,England,http://data.ordnancesurvey.co.uk/id/country/england,,,
BD235NX,http://data.ordnancesurvey.co.uk/id/postcodeunit/BD235NX,BD23 5NX,,,,other,Postcode,397941,463891,3500,18000,,,,,,,Skirethorns,http://data.ordnancesurvey.co.uk/id/4000000074564362,http://www.ordnancesurvey.co.uk/xml/codelists/localtype.xml#hamlet,Craven,http://data.ordnancesurvey.co.uk/id/7000000000021698,http://data.ordnancesurvey.co.uk/ontology/admingeo/District,North Yorkshire,http://data.ordnancesurvey.co.uk/id/7000000000022028,http://data.ordnancesurvey.co.uk/ontology/admingeo/County,Yorkshire and the Humber,http://data.ordnancesurvey.co.uk/id/7000000000041430,England,http://data.ordnancesurvey.co.uk/id/country/england,,,
BD249QJ,http://data.ordnancesurvey.co.uk/id/postcodeunit/BD249QJ,BD24 9QJ,,,,other,Postcode,381870,463273,3500,18000,,,,,,,Settle,http://data.ordnancesurvey.co.uk/id/4000000074565008,http://www.ordnancesurvey.co.uk/xml/codelists/localtype.xml#town,Craven,http://data.ordnancesurvey.co.uk/id/7000000000021698,http://data.ordnancesurvey.co.uk/ontology/admingeo/District,North Yorkshire,http://data.ordnancesurvey.co.uk/id/7000000000022028,http://data.ordnancesurvey.co.uk/ontology/admingeo/County,Yorkshire and the Humber,http://data.ordnancesurvey.co.uk/id/7000000000041430,England,http://data.ordnancesurvey.co.uk/id/country/england,,,
BD249QP,http://data.ordnancesurvey.co.uk/id/postcodeunit/BD249QP,BD24 9QP,,,,other,Postcode,381909,463400,3500,18000,,,,,,,Settle,http://data.ordnancesurvey.co.uk/id/4000000074565008,http://www.ordnancesurvey.co.uk/xml/codelists/localtype.xml#town,Craven,http://data.ordnancesurvey.co.uk/id/7000000000021698,http://data.ordnancesurvey.co.uk/ontology/admingeo/District,North Yorkshire,http://data.ordnancesurvey.co.uk/id/7000000000022028,http://data.ordnancesurvey.co.uk/ontology/admingeo/County,Yorkshire and the Humber,http://data.ordnancesurvey.co.uk/id/7000000000041430,England,http://data.ordnancesurvey.co.uk/id/country/england,,,
BD240BE,http://data.ordnancesurvey.co.uk/id/postcodeunit/BD240BE,BD24 0BE,,,,other,Postcode,381178,464040,3500,18000,,,,,,,Giggleswick,http://data.ordnancesurvey.co.uk/id/4000000074565013,http://www.ordnancesurvey.co.uk/xml/codelists/localtype.xml#village,Craven,http://data.ordnancesurvey.co.uk/id/7000000000021698,http://data.ordnancesurvey.co.uk/ontology/admingeo/District,North Yorkshire,http://data.ordnancesurvey.co.uk/id/7000000000022028,http://data.ordnancesurvey.co.uk/ontology/admingeo/County,Yorkshire and the Humber,http://data.ordnancesurvey.co.uk/id/7000000000041430,England,http://data.ordnancesurvey.co.uk/id/country/england,,,
BD249PQ,http://data.ordnancesurvey.co.uk/id/postcodeunit/BD249PQ,BD24 9PQ,,,,other,Postcode,382084,467331,3500,18000,,,,,,,Stainforth,http://data.ordnancesurvey.co.uk/id/4000000074565011,http://www.ordnancesurvey.co.uk/xml/codelists/localtype.xml#village,Craven,http://data.ordnancesurvey.co.uk/id/7000000000021698,http://data.ordnancesurvey.co.uk/ontology/admingeo/District,North Yorkshire,http://data.ordnancesurvey.co.uk/id/7000000000022028,http://data.ordnancesurvey.co.uk/ontology/admingeo/County,Yorkshire and the Humber,http://data.ordnancesurvey.co.uk/id/7000000000041430,England,http://data.ordnancesurvey.co.uk/id/country/england,,,
BD249PD,http://data.ordnancesurvey.co.uk/id/postcodeunit/BD249PD,BD24 9PD,,,,other,Postcode,382133,467254,3500,18000,,,,,,,Stainforth,http://data.ordnancesurvey.co.uk/id/4000000074565011,http://www.ordnancesurvey.co.uk/xml/codelists/localtype.xml#village,Craven,http://data.ordnancesurvey.co.uk/id/7000000000021698,http://data.ordnancesurvey.co.uk/ontology/admingeo/District,North Yorkshire,http://data.ordnancesurvey.co.uk/id/7000000000022028,http://data.ordnancesurvey.co.uk/ontology/admingeo/County,Yorkshire and the Humber,http://data.ordnancesurvey.co.uk/id/7000000000041430,England,http://data.ordnancesurvey.co.uk/id/country/england,,,
BD240HG,http://data.ordnancesurvey.co.uk/id/postcodeunit/BD240HG,BD24 0HG,,,,other,Postcode,380802,472548,3500,18000,,,,,,,Horton in Ribblesdale,http://data.ordnancesurvey.co.uk/id/4000000074565640,http://www.ordnancesurvey.co.uk/xml/codelists/localtype.xml#village,Craven,http://data.ordnancesurvey.co.uk/id/7000000000021698,http://data.ordnancesurvey.co.uk/ontology/admingeo/District,North Yorkshire,http://data.ordnancesurvey.co.uk/id/7000000000022028,http://data.ordnancesurvey.co.uk/ontology/admingeo/County,Yorkshire and the Humber,http://data.ordnancesurvey.co.uk/id/7000000000041430,England,http://data.ordnancesurvey.co.uk/id/country/england,,,
BD249LR,http://data.ordnancesurvey.co.uk/id/postcodeunit/BD249LR,BD24 9LR,,,,other,Postcode,381877,464354,3500,18000,,,,,,,Settle,http://data.ordnancesurvey.co.uk/id/4000000074565008,http://www.ordnancesurvey.co.uk/xml/codelists/localtype.xml#town,Craven,http://data.ordnancesurvey.co.uk/id/7000000000021698,http://data.ordnancesurvey.co.uk/ontology/admingeo/District,North Yorkshire,http://data.ordnancesurvey.co.uk/id/7000000000022028,http://data.ordnancesurvey.co.uk/ontology/admingeo/County,Yorkshire and the Humber,http://data.ordnancesurvey.co.uk/id/7000000000041430,England,http://data.ordnancesurvey.co.uk/id/country/england,,,
BD240FA,http://data.ordnancesurvey.co.uk/id/postcodeunit/BD240FA,BD24 0FA,,,,other,Postcode,380901,464287,3500,18000,,,,,,,Giggleswick,http://data.ordnancesurvey.co.uk/id/4000000074565013,http://www.ordnancesurvey.co.uk/xml/codelists/localtype.xml#village,Craven,http://data.ordnancesurvey.co.uk/id/7000000000021698,http://data.ordnancesurvey.co.uk/ontology/admingeo/District,North Yorkshire,http://data.ordnancesurvey.co.uk/id/7000000000022028,http://data.ordnancesurvey.co.uk/ontology/admingeo/County,Yorkshire and the Humber,http://data.ordnancesurvey.co.uk/id/7000000000041430,England,http://data.ordnancesurvey.co.uk/id/country/england,,,
BD249ED,http://data.ordnancesurvey.co.uk/id/postcodeunit/BD249ED,BD24 9ED,,,,other,Postcode,381942,463687,3500,18000,,,,,,,Settle,http://data.ordnancesurvey.co.uk/id/4000000074565008,http://www.ordnancesurvey.co.uk/xml/codelists/localtype.xml#town,Craven,http://data.ordnancesurvey.co.uk/id/7000000000021698,http://data.ordnancesurvey.co.uk/ontology/admingeo/District,North Yorkshire,http://data.ordnancesurvey.co.uk/id/7000000000022028,http://data.ordnancesurvey.co.uk/ontology/admingeo/County,Yorkshire and the Humber,http://data.ordnancesurvey.co.uk/id/7000000000041430,England,http://data.ordnancesurvey.co.uk/id/country/england,,,
BD234DB,http://data.ordnancesurvey.co.uk/id/postcodeunit/BD234DB,BD23 4DB,,,,other,Postcode,390273,462922,3500,18000,,,,,,,Malham,http://data.ordnancesurvey.co.uk/id/4000000074564690,http://www.ordnancesurvey.co.uk/xml/codelists/localtype.xml#village,Craven,http://data.ordnancesurvey.co.uk/id/7000000000021698,http://data.ordnancesurvey.co.uk/ontology/admingeo/District,North Yorkshire,http://data.ordnancesurvey.co.uk/id/7000000000022028,http://data.ordnancesurvey.co.uk/ontology/admingeo/County,Yorkshire and the Humber,http://data.ordnancesurvey.co.uk/id/7000000000041430,England,http://data.ordnancesurvey.co.uk/id/country/england,,,
BD249PP,http://data.ordnancesurvey.co.uk/id/postcodeunit/BD249PP,BD24 9PP,,,,other,Postcode,385011,468490,3500,18000,,,,,,,,,,Craven,http://data.ordnancesurvey.co.uk/id/7000000000021698,http://data.ordnancesurvey.co.uk/ontology/admingeo/District,North Yorkshire,http://data.ordnancesurvey.co.uk/id/7000000000022028,http://data.ordnancesurvey.co.uk/ontology/admingeo/County,Yorkshire and the Humber,http://data.ordnancesurvey.co.uk/id/7000000000041430,England,http://data.ordnancesurvey.co.uk/id/country/england,,,
BD235JP,http://data.ordnancesurvey.co.uk/id/postcodeunit/BD235JP,BD23 5JP,,,,other,Postcode,383072,479269,3500,18000,,,,,,,,,,Craven,http://data.ordnancesurvey.co.uk/id/7000000000021698,http://data.ordnancesurvey.co.uk/ontology/admingeo/District,North Yorkshire,http://data.ordnancesurvey.co.uk/id/7000000000022028,http://data.ordnancesurvey.co.uk/ontology/admingeo/County,Yorkshire and the Humber,http://data.ordnancesurvey.co.uk/id/7000000000041430,England,http://data.ordnancesurvey.co.uk/id/country/england,,,
BD249AD,http://data.ordnancesurvey.co.uk/id/postcodeunit/BD249AD,BD24 9AD,,,,other,Postcode,381509,463381,3500,18000,,,,,,,Settle,http://data.ordnancesurvey.co.uk/id/4000000074565008,http://www.ordnancesurvey.co.uk/xml/codelists/localtype.xml#town,Craven,http://data.ordnancesurvey.co.uk/id/7000000000021698,http://data.ordnancesurvey.co.uk/ontology/admingeo/District,North Yorkshire,http://data.ordnancesurvey.co.uk/id/7000000000022028,http://data.ordnancesurvey.co.uk/ontology/admingeo/County,Yorkshire and the Humber,http://data.ordnancesurvey.co.uk/id/7000000000041430,England,http://data.ordnancesurvey.co.uk/id/country/england,,,
BD249LP,http://data.ordnancesurvey.co.uk/id/postcodeunit/BD249LP,BD24 9LP,,,,other,Postcode,382007,464279,3500,18000,,,,,,,Settle,http://data.ordnancesurvey.co.uk/id/4000000074565008,http://www.ordnancesurvey.co.uk/xml/codelists/localtype.xml#town,Craven,http://data.ordnancesurvey.co.uk/id/7000000000021698,http://data.ordnancesurvey.co.uk/ontology/admingeo/District,North Yorkshire,http://data.ordnancesurvey.co.uk/id/7000000000022028,http://data.ordnancesurvey.co.uk/ontology/admingeo/County,Yorkshire and the Humber,http://data.ordnancesurvey.co.uk/id/7000000000041430,England,http://data.ordnancesurvey.co.uk/id/country/england,,,
BD249LJ,http://data.ordnancesurvey.co.uk/id/postcodeunit/BD249LJ,BD24 9LJ,,,,other,Postcode,381378,468645,3500,18000,,,,,,,,,,Craven,http://data.ordnancesurvey.co.uk/id/7000000000021698,http://data.ordnancesurvey.co.uk/ontology/admingeo/District,North Yorkshire,http://data.ordnancesurvey.co.uk/id/7000000000022028,http://data.ordnancesurvey.co.uk/ontology/admingeo/County,Yorkshire and the Humber,http://data.ordnancesurvey.co.uk/id/7000000000041430,England,http://data.ordnancesurvey.co.uk/id/country/england,,,
BD235EL,http://data.ordnancesurvey.co.uk/id/postcodeunit/BD235EL,BD23 5EL,,,,other,Postcode,399516,463920,3500,18000,,,,,,,Threshfield,http://data.ordnancesurvey.co.uk/id/4000000074564035,http://www.ordnancesurvey.co.uk/xml/codelists/localtype.xml#village,Craven,http://data.ordnancesurvey.co.uk/id/7000000000021698,http://data.ordnancesurvey.co.uk/ontology/admingeo/District,North Yorkshire,http://data.ordnancesurvey.co.uk/id/7000000000022028,http://data.ordnancesurvey.co.uk/ontology/admingeo/County,Yorkshire and the Humber,http://data.ordnancesurvey.co.uk/id/7000000000041430,England,http://data.ordnancesurvey.co.uk/id/country/england,,,
BD240JZ,http://data.ordnancesurvey.co.uk/id/postcodeunit/BD240JZ,BD24 0JZ,,,,other,Postcode,380724,462863,3500,18000,,,,,,,,,,Craven,http://data.ordnancesurvey.co.uk/id/7000000000021698,http://data.ordnancesurvey.co.uk/ontology/admingeo/District,North Yorkshire,http://data.ordnancesurvey.co.uk/id/7000000000022028,http://data.ordnancesurvey.co.uk/ontology/admingeo/County,Yorkshire and the Humber,http://data.ordnancesurvey.co.uk/id/7000000000041430,England,http://data.ordnancesurvey.co.uk/id/country/england,,,
BD249DZ,http://data.ordnancesurvey.co.uk/id/postcodeunit/BD249DZ,BD24 9DZ,,,,other,Postcode,381903,463665,3500,18000,,,,,,,Settle,http://data.ordnancesurvey.co.uk/id/4000000074565008,http://www.ordnancesurvey.co.uk/xml/codelists/localtype.xml#town,Craven,http://data.ordnancesurvey.co.uk/id/7000000000021698,http://data.ordnancesurvey.co.uk/ontology/admingeo/District,North Yorkshire,http://data.ordnancesurvey.co.uk/id/7000000000022028,http://data.ordnancesurvey.co.uk/ontology/admingeo/County,Yorkshire and the Humber,http://data.ordnancesurvey.co.uk/id/7000000000041430,England,http://data.ordnancesurvey.co.uk/id/country/england,,,
BD240BG,http://data.ordnancesurvey.co.uk/id/postcodeunit/BD240BG,BD24 0BG,,,,other,Postcode,381210,464077,3500,18000,,,,,,,Giggleswick,http://data.ordnancesurvey.co.uk/id/4000000074565013,http://www.ordnancesurvey.co.uk/xml/codelists/localtype.xml#village,Craven,http://data.ordnancesurvey.co.uk/id/7000000000021698,http://data.ordnancesurvey.co.uk/ontology/admingeo/District,North Yorkshire,http://data.ordnancesurvey.co.uk/id/7000000000022028,http://data.ordnancesurvey.co.uk/ontology/admingeo/County,Yorkshire and the Humber,http://data.ordnancesurvey.co.uk/id/7000000000041430,England,http://data.ordnancesurvey.co.uk/id/country/england,,,
BD235QY,http://data.ordnancesurvey.co.uk/id/postcodeunit/BD235QY,BD23 5QY,,,,other,Postcode,396861,472418,3500,18000,,,,,,,Kettlewell,http://data.ordnancesurvey.co.uk/id/4000000074564692,http://www.ordnancesurvey.co.uk/xml/codelists/localtype.xml#village,Craven,http://data.ordnancesurvey.co.uk/id/7000000000021698,http://data.ordnancesurvey.co.uk/ontology/admingeo/District,North Yorkshire,http://data.ordnancesurvey.co.uk/id/7000000000022028,http://data.ordnancesurvey.co.uk/ontology/admingeo/County,Yorkshire and the Humber,http://data.ordnancesurvey.co.uk/id/7000000000041430,England,http://data.ordnancesurvey.co.uk/id/country/england,,,
BD240AZ,http://data.ordnancesurvey.co.uk/id/postcodeunit/BD240AZ,BD24 0AZ,,,,other,Postcode,381235,464131,3500,18000,,,,,,,Giggleswick,http://data.ordnancesurvey.co.uk/id/4000000074565013,http://www.ordnancesurvey.co.uk/xml/codelists/localtype.xml#village,Craven,http://data.ordnancesurvey.co.uk/id/7000000000021698,http://data.ordnancesurvey.co.uk/ontology/admingeo/District,North Yorkshire,http://data.ordnancesurvey.co.uk/id/7000000000022028,http://data.ordnancesurvey.co.uk/ontology/admingeo/County,Yorkshire and the Humber,http://data.ordnancesurvey.co.uk/id/7000000000041430,England,http://data.ordnancesurvey.co.uk/id/country/england,,,
BD240BS,http://data.ordnancesurvey.co.uk/id/postcodeunit/BD240BS,BD24 0BS,,,,other,Postcode,381119,463841,3500,18000,,,,,,,Giggleswick,http://data.ordnancesurvey.co.uk/id/4000000074565013,http://www.ordnancesurvey.co.uk/xml/codelists/localtype.xml#village,Craven,http://data.ordnancesurvey.co.uk/id/7000000000021698,http://data.ordnancesurvey.co.uk/ontology/admingeo/District,North Yorkshire,http://data.ordnancesurvey.co.uk/id/7000000000022028,http://data.ordnancesurvey.co.uk/ontology/admingeo/County,Yorkshire and the Humber,http://data.ordnancesurvey.co.uk/id/7000000000041430,England,http://data.ordnancesurvey.co.uk/id/country/england,,,
BD240JG,http://data.ordnancesurvey.co.uk/id/postcodeunit/BD240JG,BD24 0JG,,,,other,Postcode,380418,475485,3500,18000,,,,,,,,,,Craven,http://data.ordnancesurvey.co.uk/id/7000000000021698,http://data.ordnancesurvey.co.uk/ontology/admingeo/District,North Yorkshire,http://data.ordnancesurvey.co.uk/id/7000000000022028,http://data.ordnancesurvey.co.uk/ontology/admingeo/County,Yorkshire and the Humber,http://data.ordnancesurvey.co.uk/id/7000000000041430,England,http://data.ordnancesurvey.co.uk/id/country/england,,,
BD235HW,http://data.ordnancesurvey.co.uk/id/postcodeunit/BD235HW,BD23 5HW,,,,other,Postcode,399038,463621,3500,18000,,,,,,,Threshfield,http://data.ordnancesurvey.co.uk/id/4000000074564035,http://www.ordnancesurvey.co.uk/xml/codelists/localtype.xml#village,Craven,http://data.ordnancesurvey.co.uk/id/7000000000021698,http://data.ordnancesurvey.co.uk/ontology/admingeo/District,North Yorkshire,http://data.ordnancesurvey.co.uk/id/7000000000022028,http://data.ordnancesurvey.co.uk/ontology/admingeo/County,Yorkshire and the Humber,http://data.ordnancesurvey.co.uk/id/7000000000041430,England,http://data.ordnancesurvey.co.uk/id/country/england,,,
BD249EJ,http://data.ordnancesurvey.co.uk/id/postcodeunit/BD249EJ,BD24 9EJ,,,,other,Postcode,382014,463672,3500,18000,,,,,,,Settle,http://data.ordnancesurvey.co.uk/id/4000000074565008,http://www.ordnancesurvey.co.uk/xml/codelists/localtype.xml#town,Craven,http://data.ordnancesurvey.co.uk/id/7000000000021698,http://data.ordnancesurvey.co.uk/ontology/admingeo/District,North Yorkshire,http://data.ordnancesurvey.co.uk/id/7000000000022028,http://data.ordnancesurvey.co.uk/ontology/admingeo/County,Yorkshire and the Humber,http://data.ordnancesurvey.co.uk/id/7000000000041430,England,http://data.ordnancesurvey.co.uk/id/country/england,,,
BD235EN,http://data.ordnancesurvey.co.uk/id/postcodeunit/BD235EN,BD23 5EN,,,,other,Postcode,399441,464019,3500,18000,,,,,,,Threshfield,http://data.ordnancesurvey.co.uk/id/4000000074564035,http://www.ordnancesurvey.co.uk/xml/codelists/localtype.xml#village,Craven,http://data.ordnancesurvey.co.uk/id/7000000000021698,http://data.ordnancesurvey.co.uk/ontology/admingeo/District,North Yorkshire,http://data.ordnancesurvey.co.uk/id/7000000000022028,http://data.ordnancesurvey.co.uk/ontology/admingeo/County,Yorkshire and the Humber,http://data.ordnancesurvey.co.uk/id/7000000000041430,England,http://data.ordnancesurvey.co.uk/id/country/england,,,
BD235RW,http://data.ordnancesurvey.co.uk/id/postcodeunit/BD235RW,BD23 5RW,,,,other,Postcode,396981,472408,3500,18000,,,,,,,Kettlewell,http://data.ordnancesurvey.co.uk/id/4000000074564692,http://www.ordnancesurvey.co.uk/xml/codelists/localtype.xml#village,Craven,http://data.ordnancesurvey.co.uk/id/7000000000021698,http://data.ordnancesurvey.co.uk/ontology/admingeo/District,North Yorkshire,http://data.ordnancesurvey.co.uk/id/7000000000022028,http://data.ordnancesurvey.co.uk/ontology/admingeo/County,Yorkshire and the Humber,http://data.ordnancesurvey.co.uk/id/7000000000041430,England,http://data.ordnancesurvey.co.uk/id/country/england,,,
BD249HH,http://data.ordnancesurvey.co.uk/id/postcodeunit/BD249HH,BD24 9HH,,,,other,Postcode,382212,463331,3500,18000,,,,,,,Settle,http://data.ordnancesurvey.co.uk/id/4000000074565008,http://www.ordnancesurvey.co.uk/xml/codelists/localtype.xml#town,Craven,http://data.ordnancesurvey.co.uk/id/7000000000021698,http://data.ordnancesurvey.co.uk/ontology/admingeo/District,North Yorkshire,http://data.ordnancesurvey.co.uk/id/7000000000022028,http://data.ordnancesurvey.co.uk/ontology/admingeo/County,Yorkshire and the Humber,http://data.ordnancesurvey.co.uk/id/7000000000041430,England,http://data.ordnancesurvey.co.uk/id/country/england,,,
BD249NS,http://data.ordnancesurvey.co.uk/id/postcodeunit/BD249NS,BD24 9NS,,,,other,Postcode,382182,465710,3500,18000,,,,,,,Langcliffe,http://data.ordnancesurvey.co.uk/id/4000000074565009,http://www.ordnancesurvey.co.uk/xml/codelists/localtype.xml#village,Craven,http://data.ordnancesurvey.co.uk/id/7000000000021698,http://data.ordnancesurvey.co.uk/ontology/admingeo/District,North Yorkshire,http://data.ordnancesurvey.co.uk/id/7000000000022028,http://data.ordnancesurvey.co.uk/ontology/admingeo/County,Yorkshire and the Humber,http://data.ordnancesurvey.co.uk/id/7000000000041430,England,http://data.ordnancesurvey.co.uk/id/country/england,,,
BD240JF,http://data.ordnancesurvey.co.uk/id/postcodeunit/BD240JF,BD24 0JF,,,,other,Postcode,380717,474798,3500,18000,,,,,,,,,,Craven,http://data.ordnancesurvey.co.uk/id/7000000000021698,http://data.ordnancesurvey.co.uk/ontology/admingeo/District,North Yorkshire,http://data.ordnancesurvey.co.uk/id/7000000000022028,http://data.ordnancesurvey.co.uk/ontology/admingeo/County,Yorkshire and the Humber,http://data.ordnancesurvey.co.uk/id/7000000000041430,England,http://data.ordnancesurvey.co.uk/id/country/england,,,
BD233QX,http://data.ordnancesurvey.co.uk/id/postcodeunit/BD233QX,BD23 3QX,,,,other,Postcode,394532,460934,3500,18000,,,,,,,,,,Craven,http://data.ordnancesurvey.co.uk/id/7000000000021698,http://data.ordnancesurvey.co.uk/ontology/admingeo/District,North Yorkshire,http://data.ordnancesurvey.co.uk/id/7000000000022028,http://data.ordnancesurvey.co.uk/ontology/admingeo/County,Yorkshire and the Humber,http://data.ordnancesurvey.co.uk/id/7000000000041430,England,http://data.ordnancesurvey.co.uk/id/country/england,,,
BD235JB,http://data.ordnancesurvey.co.uk/id/postcodeunit/BD235JB,BD23 5JB,,,,other,Postcode,394020,479104,3500,18000,,,,,,,Cray,http://data.ordnancesurvey.co.uk/id/4000000074568273,http://www.ordnancesurvey.co.uk/xml/codelists/localtype.xml#otherSettlement,Craven,http://data.ordnancesurvey.co.uk/id/7000000000021698,http://data.ordnancesurvey.co.uk/ontology/admingeo/District,North Yorkshire,http://data.ordnancesurvey.co.uk/id/7000000000022028,http://data.ordnancesurvey.co.uk/ontology/admingeo/County,Yorkshire and the Humber,http://data.ordnancesurvey.co.uk/id/7000000000041430,England,http://data.ordnancesurvey.co.uk/id/country/england,,,
BD249BQ,http://data.ordnancesurvey.co.uk/id/postcodeunit/BD249BQ,BD24 9BQ,,,,other,Postcode,381613,463067,3500,18000,,,,,,,Settle,http://data.ordnancesurvey.co.uk/id/4000000074565008,http://www.ordnancesurvey.co.uk/xml/codelists/localtype.xml#town,Craven,http://data.ordnancesurvey.co.uk/id/7000000000021698,http://data.ordnancesurvey.co.uk/ontology/admingeo/District,North Yorkshire,http://data.ordnancesurvey.co.uk/id/7000000000022028,http://data.ordnancesurvey.co.uk/ontology/admingeo/County,Yorkshire and the Humber,http://data.ordnancesurvey.co.uk/id/7000000000041430,England,http://data.ordnancesurvey.co.uk/id/country/england,,,
BD249NJ,http://data.ordnancesurvey.co.uk/id/postcodeunit/BD249NJ,BD24 9NJ,,,,other,Postcode,382257,464968,3500,18000,,,,,,,Langcliffe,http://data.ordnancesurvey.co.uk/id/4000000074565009,http://www.ordnancesurvey.co.uk/xml/codelists/localtype.xml#village,Craven,http://data.ordnancesurvey.co.uk/id/7000000000021698,http://data.ordnancesurvey.co.uk/ontology/admingeo/District,North Yorkshire,http://data.ordnancesurvey.co.uk/id/7000000000022028,http://data.ordnancesurvey.co.uk/ontology/admingeo/County,Yorkshire and the Humber,http://data.ordnancesurvey.co.uk/id/7000000000041430,England,http://data.ordnancesurvey.co.uk/id/country/england,,,
BD240JH,http://data.ordnancesurvey.co.uk/id/postcodeunit/BD240JH,BD24 0JH,,,,other,Postcode,380481,472668,3500,18000,,,,,,,Horton in Ribblesdale,http://data.ordnancesurvey.co.uk/id/4000000074565640,http://www.ordnancesurvey.co.uk/xml/codelists/localtype.xml#village,Craven,http://data.ordnancesurvey.co.uk/id/7000000000021698,http://data.ordnancesurvey.co.uk/ontology/admingeo/District,North Yorkshire,http://data.ordnancesurvey.co.uk/id/7000000000022028,http://data.ordnancesurvey.co.uk/ontology/admingeo/County,Yorkshire and the Humber,http://data.ordnancesurvey.co.uk/id/7000000000041430,England,http://data.ordnancesurvey.co.uk/id/country/england,,,
BD249LW,http://data.ordnancesurvey.co.uk/id/postcodeunit/BD249LW,BD24 9LW,,,,other,Postcode,381923,463734,3500,18000,,,,,,,Settle,http://data.ordnancesurvey.co.uk/id/4000000074565008,http://www.ordnancesurvey.co.uk/xml/codelists/localtype.xml#town,Craven,http://data.ordnancesurvey.co.uk/id/7000000000021698,http://data.ordnancesurvey.co.uk/ontology/admingeo/District,North Yorkshire,http://data.ordnancesurvey.co.uk/id/7000000000022028,http://data.ordnancesurvey.co.uk/ontology/admingeo/County,Yorkshire and the Humber,http://data.ordnancesurvey.co.uk/id/7000000000041430,England,http://data.ordnancesurvey.co.uk/id/country/england,,,
BD249DR,http://data.ordnancesurvey.co.uk/id/postcodeunit/BD249DR,BD24 9DR,,,,other,Postcode,382015,463645,3500,18000,,,,,,,Settle,http://data.ordnancesurvey.co.uk/id/4000000074565008,http://www.ordnancesurvey.co.uk/xml/codelists/localtype.xml#town,Craven,http://data.ordnancesurvey.co.uk/id/7000000000021698,http://data.ordnancesurvey.co.uk/ontology/admingeo/District,North Yorkshire,http://data.ordnancesurvey.co.uk/id/7000000000022028,http://data.ordnancesurvey.co.uk/ontology/admingeo/County,Yorkshire and the Humber,http://data.ordnancesurvey.co.uk/id/7000000000041430,England,http://data.ordnancesurvey.co.uk/id/country/england,,,
BD249RN,http://data.ordnancesurvey.co.uk/id/postcodeunit/BD249RN,BD24 9RN,,,,other,Postcode,382072,463587,3500,18000,,,,,,,Settle,http://data.ordnancesurvey.co.uk/id/4000000074565008,http://www.ordnancesurvey.co.uk/xml/codelists/localtype.xml#town,Craven,http://data.ordnancesurvey.co.uk/id/7000000000021698,http://data.ordnancesurvey.co.uk/ontology/admingeo/District,North Yorkshire,http://data.ordnancesurvey.co.uk/id/7000000000022028,http://data.ordnancesurvey.co.uk/ontology/admingeo/County,Yorkshire and the Humber,http://data.ordnancesurvey.co.uk/id/7000000000041430,England,http://data.ordnancesurvey.co.uk/id/country/england,,,
BD235EY,http://data.ordnancesurvey.co.uk/id/postcodeunit/BD235EY,BD23 5EY,,,,other,Postcode,398993,463624,3500,18000,,,,,,,Threshfield,http://data.ordnancesurvey.co.uk/id/4000000074564035,http://www.ordnancesurvey.co.uk/xml/codelists/localtype.xml#village,Craven,http://data.ordnancesurvey.co.uk/id/7000000000021698,http://data.ordnancesurvey.co.uk/ontology/admingeo/District,North Yorkshire,http://data.ordnancesurvey.co.uk/id/7000000000022028,http://data.ordnancesurvey.co.uk/ontology/admingeo/County,Yorkshire and the Humber,http://data.ordnancesurvey.co.uk/id/7000000000041430,England,http://data.ordnancesurvey.co.uk/id/country/england,,,
BD235BU,http://data.ordnancesurvey.co.uk/id/postcodeunit/BD235BU,BD23 5BU,,,,other,Postcode,399587,463942,3500,18000,,,,,,,Threshfield,http://data.ordnancesurvey.co.uk/id/4000000074564035,http://www.ordnancesurvey.co.uk/xml/codelists/localtype.xml#village,Craven,http://data.ordnancesurvey.co.uk/id/7000000000021698,http://data.ordnancesurvey.co.uk/ontology/admingeo/District,North Yorkshire,http://data.ordnancesurvey.co.uk/id/7000000000022028,http://data.ordnancesurvey.co.uk/ontology/admingeo/County,Yorkshire and the Humber,http://data.ordnancesurvey.co.uk/id/7000000000041430,England,http://data.ordnancesurvey.co.uk/id/country/england,,,
BD240LQ,http://data.ordnancesurvey.co.uk/id/postcodeunit/BD240LQ,BD24 0LQ,,,,other,Postcode,380415,460035,3500,18000,,,,,,,Rathmell,http://data.ordnancesurvey.co.uk/id/4000000074564033,http://www.ordnancesurvey.co.uk/xml/codelists/localtype.xml#village,Craven,http://data.ordnancesurvey.co.uk/id/7000000000021698,http://data.ordnancesurvey.co.uk/ontology/admingeo/District,North Yorkshire,http://data.ordnancesurvey.co.uk/id/7000000000022028,http://data.ordnancesurvey.co.uk/ontology/admingeo/County,Yorkshire and the Humber,http://data.ordnancesurvey.co.uk/id/7000000000041430,England,http://data.ordnancesurvey.co.uk/id/country/england,,,
BD249AG,http://data.ordnancesurvey.co.uk/id/postcodeunit/BD249AG,BD24 9AG,,,,other,Postcode,381580,463514,3500,18000,,,,,,,Settle,http://data.ordnancesurvey.co.uk/id/4000000074565008,http://www.ordnancesurvey.co.uk/xml/codelists/localtype.xml#town,Craven,http://data.ordnancesurvey.co.uk/id/7000000000021698,http://data.ordnancesurvey.co.uk/ontology/admingeo/District,North Yorkshire,http://data.ordnancesurvey.co.uk/id/7000000000022028,http://data.ordnancesurvey.co.uk/ontology/admingeo/County,Yorkshire and the Humber,http://data.ordnancesurvey.co.uk/id/7000000000041430,England,http://data.ordnancesurvey.co.uk/id/country/england,,,
BD249NR,http://data.ordnancesurvey.co.uk/id/postcodeunit/BD249NR,BD24 9NR,,,,other,Postcode,382104,465595,3500,18000,,,,,,,Langcliffe,http://data.ordnancesurvey.co.uk/id/4000000074565009,http://www.ordnancesurvey.co.uk/xml/codelists/localtype.xml#village,Craven,http://data.ordnancesurvey.co.uk/id/7000000000021698,http://data.ordnancesurvey.co.uk/ontology/admingeo/District,North Yorkshire,http://data.ordnancesurvey.co.uk/id/7000000000022028,http://data.ordnancesurvey.co.uk/ontology/admingeo/County,Yorkshire and the Humber,http://data.ordnancesurvey.co.uk/id/7000000000041430,England,http://data.ordnancesurvey.co.uk/id/country/england,,,
BD235HA,http://data.ordnancesurvey.co.uk/id/postcodeunit/BD235HA,BD23 5HA,,,,other,Postcode,398995,463584,3500,18000,,,,,,,Threshfield,http://data.ordnancesurvey.co.uk/id/4000000074564035,http://www.ordnancesurvey.co.uk/xml/codelists/localtype.xml#village,Craven,http://data.ordnancesurvey.co.uk/id/7000000000021698,http://data.ordnancesurvey.co.uk/ontology/admingeo/District,North Yorkshire,http://data.ordnancesurvey.co.uk/id/7000000000022028,http://data.ordnancesurvey.co.uk/ontology/admingeo/County,Yorkshire and the Humber,http://data.ordnancesurvey.co.uk/id/7000000000041430,England,http://data.ordnancesurvey.co.uk/id/country/england,,,
BD249JE,http://data.ordnancesurvey.co.uk/id/postcodeunit/BD249JE,BD24 9JE,,,,other,Postcode,381950,463775,3500,18000,,,,,,,Settle,http://data.ordnancesurvey.co.uk/id/4000000074565008,http://www.ordnancesurvey.co.uk/xml/codelists/localtype.xml#town,Craven,http://data.ordnancesurvey.co.uk/id/7000000000021698,http://data.ordnancesurvey.co.uk/ontology/admingeo/District,North Yorkshire,http://data.ordnancesurvey.co.uk/id/7000000000022028,http://data.ordnancesurvey.co.uk/ontology/admingeo/County,Yorkshire and the Humber,http://data.ordnancesurvey.co.uk/id/7000000000041430,England,http://data.ordnancesurvey.co.uk/id/country/england,,,
BD235RH,http://data.ordnancesurvey.co.uk/id/postcodeunit/BD235RH,BD23 5RH,,,,other,Postcode,397184,472281,3500,18000,,,,,,,Kettlewell,http://data.ordnancesurvey.co.uk/id/4000000074564692,http://www.ordnancesurvey.co.uk/xml/codelists/localtype.xml#village,Craven,http://data.ordnancesurvey.co.uk/id/7000000000021698,http://data.ordnancesurvey.co.uk/ontology/admingeo/District,North Yorkshire,http://data.ordnancesurvey.co.uk/id/7000000000022028,http://data.ordnancesurvey.co.uk/ontology/admingeo/County,Yorkshire and the Humber,http://data.ordnancesurvey.co.uk/id/7000000000041430,England,http://data.ordnancesurvey.co.uk/id/country/england,,,
BD249NY,http://data.ordnancesurvey.co.uk/id/postcodeunit/BD249NY,BD24 9NY,,,,other,Postcode,382058,465496,3500,18000,,,,,,,Langcliffe,http://data.ordnancesurvey.co.uk/id/4000000074565009,http://www.ordnancesurvey.co.uk/xml/codelists/localtype.xml#village,Craven,http://data.ordnancesurvey.co.uk/id/7000000000021698,http://data.ordnancesurvey.co.uk/ontology/admingeo/District,North Yorkshire,http://data.ordnancesurvey.co.uk/id/7000000000022028,http://data.ordnancesurvey.co.uk/ontology/admingeo/County,Yorkshire and the Humber,http://data.ordnancesurvey.co.uk/id/7000000000041430,England,http://data.ordnancesurvey.co.uk/id/country/england,,,
BD235QR,http://data.ordnancesurvey.co.uk/id/postcodeunit/BD235QR,BD23 5QR,,,,other,Postcode,386580,474278,3500,18000,,,,,,,,,,Craven,http://data.ordnancesurvey.co.uk/id/7000000000021698,http://data.ordnancesurvey.co.uk/ontology/admingeo/District,North Yorkshire,http://data.ordnancesurvey.co.uk/id/7000000000022028,http://data.ordnancesurvey.co.uk/ontology/admingeo/County,Yorkshire and the Humber,http://data.ordnancesurvey.co.uk/id/7000000000041430,England,http://data.ordnancesurvey.co.uk/id/country/england,,,
BD249LX,http://data.ordnancesurvey.co.uk/id/postcodeunit/BD249LX,BD24 9LX,,,,other,Postcode,381722,465108,3500,18000,,,,,,,Langcliffe,http://data.ordnancesurvey.co.uk/id/4000000074565009,http://www.ordnancesurvey.co.uk/xml/codelists/localtype.xml#village,Craven,http://data.ordnancesurvey.co.uk/id/7000000000021698,http://data.ordnancesurvey.co.uk/ontology/admingeo/District,North Yorkshire,http://data.ordnancesurvey.co.uk/id/7000000000022028,http://data.ordnancesurvey.co.uk/ontology/admingeo/County,Yorkshire and the Humber,http://data.ordnancesurvey.co.uk/id/7000000000041430,England,http://data.ordnancesurvey.co.uk/id/country/england,,,
BD249BS,http://data.ordnancesurvey.co.uk/id/postcodeunit/BD249BS,BD24 9BS,,,,other,Postcode,381525,463749,3500,18000,,,,,,,Settle,http://data.ordnancesurvey.co.uk/id/4000000074565008,http://www.ordnancesurvey.co.uk/xml/codelists/localtype.xml#town,Craven,http://data.ordnancesurvey.co.uk/id/7000000000021698,http://data.ordnancesurvey.co.uk/ontology/admingeo/District,North Yorkshire,http://data.ordnancesurvey.co.uk/id/7000000000022028,http://data.ordnancesurvey.co.uk/ontology/admingeo/County,Yorkshire and the Humber,http://data.ordnancesurvey.co.uk/id/7000000000041430,England,http://data.ordnancesurvey.co.uk/id/country/england,,,
BD249BY,http://data.ordnancesurvey.co.uk/id/postcodeunit/BD249BY,BD24 9BY,,,,other,Postcode,381533,463868,3500,18000,,,,,,,Settle,http://data.ordnancesurvey.co.uk/id/4000000074565008,http://www.ordnancesurvey.co.uk/xml/codelists/localtype.xml#town,Craven,http://data.ordnancesurvey.co.uk/id/7000000000021698,http://data.ordnancesurvey.co.uk/ontology/admingeo/District,North Yorkshire,http://data.ordnancesurvey.co.uk/id/7000000000022028,http://data.ordnancesurvey.co.uk/ontology/admingeo/County,Yorkshire and the Humber,http://data.ordnancesurvey.co.uk/id/7000000000041430,England,http://data.ordnancesurvey.co.uk/id/country/england,,,
BD235EW,http://data.ordnancesurvey.co.uk/id/postcodeunit/BD235EW,BD23 5EW,,,,other,Postcode,399224,463798,3500,18000,,,,,,,Threshfield,http://data.ordnancesurvey.co.uk/id/4000000074564035,http://www.ordnancesurvey.co.uk/xml/codelists/localtype.xml#village,Craven,http://data.ordnancesurvey.co.uk/id/7000000000021698,http://data.ordnancesurvey.co.uk/ontology/admingeo/District,North Yorkshire,http://data.ordnancesurvey.co.uk/id/7000000000022028,http://data.ordnancesurvey.co.uk/ontology/admingeo/County,Yorkshire and the Humber,http://data.ordnancesurvey.co.uk/id/7000000000041430,England,http://data.ordnancesurvey.co.uk/id/country/england,,,
BD249FN,http://data.ordnancesurvey.co.uk/id/postcodeunit/BD249FN,BD24 9FN,,,,other,Postcode,381722,463712,3500,18000,,,,,,,Settle,http://data.ordnancesurvey.co.uk/id/4000000074565008,http://www.ordnancesurvey.co.uk/xml/codelists/localtype.xml#town,Craven,http://data.ordnancesurvey.co.uk/id/7000000000021698,http://data.ordnancesurvey.co.uk/ontology/admingeo/District,North Yorkshire,http://data.ordnancesurvey.co.uk/id/7000000000022028,http://data.ordnancesurvey.co.uk/ontology/admingeo/County,Yorkshire and the Humber,http://data.ordnancesurvey.co.uk/id/7000000000041430,England,http://data.ordnancesurvey.co.uk/id/country/england,,,
BD235HN,http://data.ordnancesurvey.co.uk/id/postcodeunit/BD235HN,BD23 5HN,,,,other,Postcode,399261,460955,3500,18000,,,,,,,,,,Craven,http://data.ordnancesurvey.co.uk/id/7000000000021698,http://data.ordnancesurvey.co.uk/ontology/admingeo/District,North Yorkshire,http://data.ordnancesurvey.co.uk/id/7000000000022028,http://data.ordnancesurvey.co.uk/ontology/admingeo/County,Yorkshire and the Humber,http://data.ordnancesurvey.co.uk/id/7000000000041430,England,http://data.ordnancesurvey.co.uk/id/country/england,,,
BD249AQ,http://data.ordnancesurvey.co.uk/id/postcodeunit/BD249AQ,BD24 9AQ,,,,other,Postcode,381926,463088,3500,18000,,,,,,,Settle,http://data.ordnancesurvey.co.uk/id/4000000074565008,http://www.ordnancesurvey.co.uk/xml/codelists/localtype.xml#town,Craven,http://data.ordnancesurvey.co.uk/id/7000000000021698,http://data.ordnancesurvey.co.uk/ontology/admingeo/District,North Yorkshire,http://data.ordnancesurvey.co.uk/id/7000000000022028,http://data.ordnancesurvey.co.uk/ontology/admingeo/County,Yorkshire and the Humber,http://data.ordnancesurvey.co.uk/id/7000000000041430,England,http://data.ordnancesurvey.co.uk/id/country/england,,,
BD249RF,http://data.ordnancesurvey.co.uk/id/postcodeunit/BD249RF,BD24 9RF,,,,other,Postcode,381988,463051,3500,18000,,,,,,,Settle,http://data.ordnancesurvey.co.uk/id/4000000074565008,http://www.ordnancesurvey.co.uk/xml/codelists/localtype.xml#town,Craven,http://data.ordnancesurvey.co.uk/id/7000000000021698,http://data.ordnancesurvey.co.uk/ontology/admingeo/District,North Yorkshire,http://data.ordnancesurvey.co.uk/id/7000000000022028,http://data.ordnancesurvey.co.uk/ontology/admingeo/County,Yorkshire and the Humber,http://data.ordnancesurvey.co.uk/id/7000000000041430,England,http://data.ordnancesurvey.co.uk/id/country/england,,,
BD249AR,http://data.ordnancesurvey.co.uk/id/postcodeunit/BD249AR,BD24 9AR,,,,other,Postcode,381806,463338,3500,18000,,,,,,,Settle,http://data.ordnancesurvey.co.uk/id/4000000074565008,http://www.ordnancesurvey.co.uk/xml/codelists/localtype.xml#town,Craven,http://data.ordnancesurvey.co.uk/id/7000000000021698,http://data.ordnancesurvey.co.uk/ontology/admingeo/District,North Yorkshire,http://data.ordnancesurvey.co.uk/id/7000000000022028,http://data.ordnancesurvey.co.uk/ontology/admingeo/County,Yorkshire and the Humber,http://data.ordnancesurvey.co.uk/id/7000000000041430,England,http://data.ordnancesurvey.co.uk/id/country/england,,,
BD249BZ,http://data.ordnancesurvey.co.uk/id/postcodeunit/BD249BZ,BD24 9BZ,,,,other,Postcode,381630,463850,3500,18000,,,,,,,Settle,http://data.ordnancesurvey.co.uk/id/4000000074565008,http://www.ordnancesurvey.co.uk/xml/codelists/localtype.xml#town,Craven,http://data.ordnancesurvey.co.uk/id/7000000000021698,http://data.ordnancesurvey.co.uk/ontology/admingeo/District,North Yorkshire,http://data.ordnancesurvey.co.uk/id/7000000000022028,http://data.ordnancesurvey.co.uk/ontology/admingeo/County,Yorkshire and the Humber,http://data.ordnancesurvey.co.uk/id/7000000000041430,England,http://data.ordnancesurvey.co.uk/id/country/england,,,
BD249PT,http://data.ordnancesurvey.co.uk/id/postcodeunit/BD249PT,BD24 9PT,,,,other,Postcode,388663,467463,3500,18000,,,,,,,,,,Craven,http://data.ordnancesurvey.co.uk/id/7000000000021698,http://data.ordnancesurvey.co.uk/ontology/admingeo/District,North Yorkshire,http://data.ordnancesurvey.co.uk/id/7000000000022028,http://data.ordnancesurvey.co.uk/ontology/admingeo/County,Yorkshire and the Humber,http://data.ordnancesurvey.co.uk/id/7000000000041430,England,http://data.ordnancesurvey.co.uk/id/country/england,,,
BD234BG,http://data.ordnancesurvey.co.uk/id/postcodeunit/BD234BG,BD23 4BG,,,,other,Postcode,389910,460246,3500,18000,,,,,,,,,,Craven,http://data.ordnancesurvey.co.uk/id/7000000000021698,http://data.ordnancesurvey.co.uk/ontology/admingeo/District,North Yorkshire,http://data.ordnancesurvey.co.uk/id/7000000000022028,http://data.ordnancesurvey.co.uk/ontology/admingeo/County,Yorkshire and the Humber,http://data.ordnancesurvey.co.uk/id/7000000000041430,England,http://data.ordnancesurvey.co.uk/id/country/england,,,
BD235NU,http://data.ordnancesurvey.co.uk/id/postcodeunit/BD235NU,BD23 5NU,,,,other,Postcode,397370,464072,3500,18000,,,,,,,,,,Craven,http://data.ordnancesurvey.co.uk/id/7000000000021698,http://data.ordnancesurvey.co.uk/ontology/admingeo/District,North Yorkshire,http://data.ordnancesurvey.co.uk/id/7000000000022028,http://data.ordnancesurvey.co.uk/ontology/admingeo/County,Yorkshire and the Humber,http://data.ordnancesurvey.co.uk/id/7000000000041430,England,http://data.ordnancesurvey.co.uk/id/country/england,,,
BD249ES,http://data.ordnancesurvey.co.uk/id/postcodeunit/BD249ES,BD24 9ES,,,,other,Postcode,382096,463691,3500,18000,,,,,,,Settle,http://data.ordnancesurvey.co.uk/id/4000000074565008,http://www.ordnancesurvey.co.uk/xml/codelists/localtype.xml#town,Craven,http://data.ordnancesurvey.co.uk/id/7000000000021698,http://data.ordnancesurvey.co.uk/ontology/admingeo/District,North Yorkshire,http://data.ordnancesurvey.co.uk/id/7000000000022028,http://data.ordnancesurvey.co.uk/ontology/admingeo/County,Yorkshire and the Humber,http://data.ordnancesurvey.co.uk/id/7000000000041430,England,http://data.ordnancesurvey.co.uk/id/country/england,,,
BD240HE,http://data.ordnancesurvey.co.uk/id/postcodeunit/BD240HE,BD24 0HE,,,,other,Postcode,380824,472497,3500,18000,,,,,,,Horton in Ribblesdale,http://data.ordnancesurvey.co.uk/id/4000000074565640,http://www.ordnancesurvey.co.uk/xml/codelists/localtype.xml#village,Craven,http://data.ordnancesurvey.co.uk/id/7000000000021698,http://data.ordnancesurvey.co.uk/ontology/admingeo/District,North Yorkshire,http://data.ordnancesurvey.co.uk/id/7000000000022028,http://data.ordnancesurvey.co.uk/ontology/admingeo/County,Yorkshire and the Humber,http://data.ordnancesurvey.co.uk/id/7000000000041430,England,http://data.ordnancesurvey.co.uk/id/country/england,,,
BD249AT,http://data.ordnancesurvey.co.uk/id/postcodeunit/BD249AT,BD24 9AT,,,,other,Postcode,381681,463168,3500,18000,,,,,,,Settle,http://data.ordnancesurvey.co.uk/id/4000000074565008,http://www.ordnancesurvey.co.uk/xml/codelists/localtype.xml#town,Craven,http://data.ordnancesurvey.co.uk/id/7000000000021698,http://data.ordnancesurvey.co.uk/ontology/admingeo/District,North Yorkshire,http://data.ordnancesurvey.co.uk/id/7000000000022028,http://data.ordnancesurvey.co.uk/ontology/admingeo/County,Yorkshire and the Humber,http://data.ordnancesurvey.co.uk/id/7000000000041430,England,http://data.ordnancesurvey.co.uk/id/country/england,,,
BD249HB,http://data.ordnancesurvey.co.uk/id/postcodeunit/BD249HB,BD24 9HB,,,,other,Postcode,382107,463474,3500,18000,,,,,,,Settle,http://data.ordnancesurvey.co.uk/id/4000000074565008,http://www.ordnancesurvey.co.uk/xml/codelists/localtype.xml#town,Craven,http://data.ordnancesurvey.co.uk/id/7000000000021698,http://data.ordnancesurvey.co.uk/ontology/admingeo/District,North Yorkshire,http://data.ordnancesurvey.co.uk/id/7000000000022028,http://data.ordnancesurvey.co.uk/ontology/admingeo/County,Yorkshire and the Humber,http://data.ordnancesurvey.co.uk/id/7000000000041430,England,http://data.ordnancesurvey.co.uk/id/country/england,,,
BD235QX,http://data.ordnancesurvey.co.uk/id/postcodeunit/BD235QX,BD23 5QX,,,,other,Postcode,396976,472333,3500,18000,,,,,,,Kettlewell,http://data.ordnancesurvey.co.uk/id/4000000074564692,http://www.ordnancesurvey.co.uk/xml/codelists/localtype.xml#village,Craven,http://data.ordnancesurvey.co.uk/id/7000000000021698,http://data.ordnancesurvey.co.uk/ontology/admingeo/District,North Yorkshire,http://data.ordnancesurvey.co.uk/id/7000000000022028,http://data.ordnancesurvey.co.uk/ontology/admingeo/County,Yorkshire and the Humber,http://data.ordnancesurvey.co.uk/id/7000000000041430,England,http://data.ordnancesurvey.co.uk/id/country/england,,,
BD249HA,http://data.ordnancesurvey.co.uk/id/postcodeunit/BD249HA,BD24 9HA,,,,other,Postcode,382113,463545,3500,18000,,,,,,,Settle,http://data.ordnancesurvey.co.uk/id/4000000074565008,http://www.ordnancesurvey.co.uk/xml/codelists/localtype.xml#town,Craven,http://data.ordnancesurvey.co.uk/id/7000000000021698,http://data.ordnancesurvey.co.uk/ontology/admingeo/District,North Yorkshire,http://data.ordnancesurvey.co.uk/id/7000000000022028,http://data.ordnancesurvey.co.uk/ontology/admingeo/County,Yorkshire and the Humber,http://data.ordnancesurvey.co.uk/id/7000000000041430,England,http://data.ordnancesurvey.co.uk/id/country/england,,,
BD235PX,http://data.ordnancesurvey.co.uk/id/postcodeunit/BD235PX,BD23 5PX,,,,other,Postcode,394927,470398,3500,18000,,,,,,,,,,Craven,http://data.ordnancesurvey.co.uk/id/7000000000021698,http://data.ordnancesurvey.co.uk/ontology/admingeo/District,North Yorkshire,http://data.ordnancesurvey.co.uk/id/7000000000022028,http://data.ordnancesurvey.co.uk/ontology/admingeo/County,Yorkshire and the Humber,http://data.ordnancesurvey.co.uk/id/7000000000041430,England,http://data.ordnancesurvey.co.uk/id/country/england,,,
BD249RQ,http://data.ordnancesurvey.co.uk/id/postcodeunit/BD249RQ,BD24 9RQ,,,,other,Postcode,382066,463919,3500,18000,,,,,,,Settle,http://data.ordnancesurvey.co.uk/id/4000000074565008,http://www.ordnancesurvey.co.uk/xml/codelists/localtype.xml#town,Craven,http://data.ordnancesurvey.co.uk/id/7000000000021698,http://data.ordnancesurvey.co.uk/ontology/admingeo/District,North Yorkshire,http://data.ordnancesurvey.co.uk/id/7000000000022028,http://data.ordnancesurvey.co.uk/ontology/admingeo/County,Yorkshire and the Humber,http://data.ordnancesurvey.co.uk/id/7000000000041430,England,http://data.ordnancesurvey.co.uk/id/country/england,,,
BD240EA,http://data.ordnancesurvey.co.uk/id/postcodeunit/BD240EA,BD24 0EA,,,,other,Postcode,380067,463266,3500,18000,,,,,,,,,,Craven,http://data.ordnancesurvey.co.uk/id/7000000000021698,http://data.ordnancesurvey.co.uk/ontology/admingeo/District,North Yorkshire,http://data.ordnancesurvey.co.uk/id/7000000000022028,http://data.ordnancesurvey.co.uk/ontology/admingeo/County,Yorkshire and the Humber,http://data.ordnancesurvey.co.uk/id/7000000000041430,England,http://data.ordnancesurvey.co.uk/id/country/england,,,
BD235JH,http://data.ordnancesurvey.co.uk/id/postcodeunit/BD235JH,BD23 5JH,,,,other,Postcode,390552,479061,3500,18000,,,,,,,Yockenthwaite,http://data.ordnancesurvey.co.uk/id/4000000074332138,http://www.ordnancesurvey.co.uk/xml/codelists/localtype.xml#otherSettlement,Craven,http://data.ordnancesurvey.co.uk/id/7000000000021698,http://data.ordnancesurvey.co.uk/ontology/admingeo/District,North Yorkshire,http://data.ordnancesurvey.co.uk/id/7000000000022028,http://data.ordnancesurvey.co.uk/ontology/admingeo/County,Yorkshire and the Humber,http://data.ordnancesurvey.co.uk/id/7000000000041430,England,http://data.ordnancesurvey.co.uk/id/country/england,,,
BD249AW,http://data.ordnancesurvey.co.uk/id/postcodeunit/BD249AW,BD24 9AW,,,,other,Postcode,381858,463454,3500,18000,,,,,,,Settle,http://data.ordnancesurvey.co.uk/id/4000000074565008,http://www.ordnancesurvey.co.uk/xml/codelists/localtype.xml#town,Craven,http://data.ordnancesurvey.co.uk/id/7000000000021698,http://data.ordnancesurvey.co.uk/ontology/admingeo/District,North Yorkshire,http://data.ordnancesurvey.co.uk/id/7000000000022028,http://data.ordnancesurvey.co.uk/ontology/admingeo/County,Yorkshire and the Humber,http://data.ordnancesurvey.co.uk/id/7000000000041430,England,http://data.ordnancesurvey.co.uk/id/country/england,,,
BD249JH,http://data.ordnancesurvey.co.uk/id/postcodeunit/BD249JH,BD24 9JH,,,,other,Postcode,381787,463935,3500,18000,,,,,,,Settle,http://data.ordnancesurvey.co.uk/id/4000000074565008,http://www.ordnancesurvey.co.uk/xml/codelists/localtype.xml#town,Craven,http://data.ordnancesurvey.co.uk/id/7000000000021698,http://data.ordnancesurvey.co.uk/ontology/admingeo/District,North Yorkshire,http://data.ordnancesurvey.co.uk/id/7000000000022028,http://data.ordnancesurvey.co.uk/ontology/admingeo/County,Yorkshire and the Humber,http://data.ordnancesurvey.co.uk/id/7000000000041430,England,http://data.ordnancesurvey.co.uk/id/country/england,,,
BD249LY,http://data.ordnancesurvey.co.uk/id/postcodeunit/BD249LY,BD24 9LY,,,,other,Postcode,382048,464853,3500,18000,,,,,,,Langcliffe,http://data.ordnancesurvey.co.uk/id/4000000074565009,http://www.ordnancesurvey.co.uk/xml/codelists/localtype.xml#village,Craven,http://data.ordnancesurvey.co.uk/id/7000000000021698,http://data.ordnancesurvey.co.uk/ontology/admingeo/District,North Yorkshire,http://data.ordnancesurvey.co.uk/id/7000000000022028,http://data.ordnancesurvey.co.uk/ontology/admingeo/County,Yorkshire and the Humber,http://data.ordnancesurvey.co.uk/id/7000000000041430,England,http://data.ordnancesurvey.co.uk/id/country/england,,,
BD234DA,http://data.ordnancesurvey.co.uk/id/postcodeunit/BD234DA,BD23 4DA,,,,other,Postcode,390042,462759,3500,18000,,,,,,,Malham,http://data.ordnancesurvey.co.uk/id/4000000074564690,http://www.ordnancesurvey.co.uk/xml/codelists/localtype.xml#village,Craven,http://data.ordnancesurvey.co.uk/id/7000000000021698,http://data.ordnancesurvey.co.uk/ontology/admingeo/District,North Yorkshire,http://data.ordnancesurvey.co.uk/id/7000000000022028,http://data.ordnancesurvey.co.uk/ontology/admingeo/County,Yorkshire and the Humber,http://data.ordnancesurvey.co.uk/id/7000000000041430,England,http://data.ordnancesurvey.co.uk/id/country/england,,,
BD249DD,http://data.ordnancesurvey.co.uk/id/postcodeunit/BD249DD,BD24 9DD,,,,other,Postcode,381678,464002,3500,18000,,,,,,,Settle,http://data.ordnancesurvey.co.uk/id/4000000074565008,http://www.ordnancesurvey.co.uk/xml/codelists/localtype.xml#town,Craven,http://data.ordnancesurvey.co.uk/id/7000000000021698,http://data.ordnancesurvey.co.uk/ontology/admingeo/District,North Yorkshire,http://data.ordnancesurvey.co.uk/id/7000000000022028,http://data.ordnancesurvey.co.uk/ontology/admingeo/County,Yorkshire and the Humber,http://data.ordnancesurvey.co.uk/id/7000000000041430,England,http://data.ordnancesurvey.co.uk/id/country/england,,,
BD235QN,http://data.ordnancesurvey.co.uk/id/postcodeunit/BD235QN,BD23 5QN,,,,other,Postcode,387992,476610,3500,18000,,,,,,,Halton Gill,http://data.ordnancesurvey.co.uk/id/4000000074578063,http://www.ordnancesurvey.co.uk/xml/codelists/localtype.xml#hamlet,Craven,http://data.ordnancesurvey.co.uk/id/7000000000021698,http://data.ordnancesurvey.co.uk/ontology/admingeo/District,North Yorkshire,http://data.ordnancesurvey.co.uk/id/7000000000022028,http://data.ordnancesurvey.co.uk/ontology/admingeo/County,Yorkshire and the Humber,http://data.ordnancesurvey.co.uk/id/7000000000041430,England,http://data.ordnancesurvey.co.uk/id/country/england,,,
BD234BJ,http://data.ordnancesurvey.co.uk/id/postcodeunit/BD234BJ,BD23 4BJ,,,,other,Postcode,389628,460881,3500,18000,,,,,,,Kirkby Malham,http://data.ordnancesurvey.co.uk/id/4000000074563390,http://www.ordnancesurvey.co.uk/xml/codelists/localtype.xml#village,Craven,http://data.ordnancesurvey.co.uk/id/7000000000021698,http://data.ordnancesurvey.co.uk/ontology/admingeo/District,North Yorkshire,http://data.ordnancesurvey.co.uk/id/7000000000022028,http://data.ordnancesurvey.co.uk/ontology/admingeo/County,Yorkshire and the Humber,http://data.ordnancesurvey.co.uk/id/7000000000041430,England,http://data.ordnancesurvey.co.uk/id/country/england,,,
BD249JL,http://data.ordnancesurvey.co.uk/id/postcodeunit/BD249JL,BD24 9JL,,,,other,Postcode,381682,464035,3500,18000,,,,,,,Settle,http://data.ordnancesurvey.co.uk/id/4000000074565008,http://www.ordnancesurvey.co.uk/xml/codelists/localtype.xml#town,Craven,http://data.ordnancesurvey.co.uk/id/7000000000021698,http://data.ordnancesurvey.co.uk/ontology/admingeo/District,North Yorkshire,http://data.ordnancesurvey.co.uk/id/7000000000022028,http://data.ordnancesurvey.co.uk/ontology/admingeo/County,Yorkshire and the Humber,http://data.ordnancesurvey.co.uk/id/7000000000041430,England,http://data.ordnancesurvey.co.uk/id/country/england,,,
BD249LT,http://data.ordnancesurvey.co.uk/id/postcodeunit/BD249LT,BD24 9LT,,,,other,Postcode,381826,464712,3500,18000,,,,,,,,,,Craven,http://data.ordnancesurvey.co.uk/id/7000000000021698,http://data.ordnancesurvey.co.uk/ontology/admingeo/District,North Yorkshire,http://data.ordnancesurvey.co.uk/id/7000000000022028,http://data.ordnancesurvey.co.uk/ontology/admingeo/County,Yorkshire and the Humber,http://data.ordnancesurvey.co.uk/id/7000000000041430,England,http://data.ordnancesurvey.co.uk/id/country/england,,,
BD240EJ,http://data.ordnancesurvey.co.uk/id/postcodeunit/BD240EJ,BD24 0EJ,,,,other,Postcode,381103,464109,3500,18000,,,,,,,Giggleswick,http://data.ordnancesurvey.co.uk/id/4000000074565013,http://www.ordnancesurvey.co.uk/xml/codelists/localtype.xml#village,Craven,http://data.ordnancesurvey.co.uk/id/7000000000021698,http://data.ordnancesurvey.co.uk/ontology/admingeo/District,North Yorkshire,http://data.ordnancesurvey.co.uk/id/7000000000022028,http://data.ordnancesurvey.co.uk/ontology/admingeo/County,Yorkshire and the Humber,http://data.ordnancesurvey.co.uk/id/7000000000041430,England,http://data.ordnancesurvey.co.uk/id/country/england,,,
BD249FG,http://data.ordnancesurvey.co.uk/id/postcodeunit/BD249FG,BD24 9FG,,,,other,Postcode,381730,463003,3500,18000,,,,,,,Settle,http://data.ordnancesurvey.co.uk/id/4000000074565008,http://www.ordnancesurvey.co.uk/xml/codelists/localtype.xml#town,Craven,http://data.ordnancesurvey.co.uk/id/7000000000021698,http://data.ordnancesurvey.co.uk/ontology/admingeo/District,North Yorkshire,http://data.ordnancesurvey.co.uk/id/7000000000022028,http://data.ordnancesurvey.co.uk/ontology/admingeo/County,Yorkshire and the Humber,http://data.ordnancesurvey.co.uk/id/7000000000041430,England,http://data.ordnancesurvey.co.uk/id/country/england,,,
BD240DA,http://data.ordnancesurvey.co.uk/id/postcodeunit/BD240DA,BD24 0DA,,,,other,Postcode,381044,463991,3500,18000,,,,,,,Giggleswick,http://data.ordnancesurvey.co.uk/id/4000000074565013,http://www.ordnancesurvey.co.uk/xml/codelists/localtype.xml#village,Craven,http://data.ordnancesurvey.co.uk/id/7000000000021698,http://data.ordnancesurvey.co.uk/ontology/admingeo/District,North Yorkshire,http://data.ordnancesurvey.co.uk/id/7000000000022028,http://data.ordnancesurvey.co.uk/ontology/admingeo/County,Yorkshire and the Humber,http://data.ordnancesurvey.co.uk/id/7000000000041430,England,http://data.ordnancesurvey.co.uk/id/country/england,,,
BD249PS,http://data.ordnancesurvey.co.uk/id/postcodeunit/BD249PS,BD24 9PS,,,,other,Postcode,390882,467626,3500,18000,,,,,,,,,,Craven,http://data.ordnancesurvey.co.uk/id/7000000000021698,http://data.ordnancesurvey.co.uk/ontology/admingeo/District,North Yorkshire,http://data.ordnancesurvey.co.uk/id/7000000000022028,http://data.ordnancesurvey.co.uk/ontology/admingeo/County,Yorkshire and the Humber,http://data.ordnancesurvey.co.uk/id/7000000000041430,England,http://data.ordnancesurvey.co.uk/id/country/england,,,
BD249DW,http://data.ordnancesurvey.co.uk/id/postcodeunit/BD249DW,BD24 9DW,,,,other,Postcode,381938,463602,3500,18000,,,,,,,Settle,http://data.ordnancesurvey.co.uk/id/4000000074565008,http://www.ordnancesurvey.co.uk/xml/codelists/localtype.xml#town,Craven,http://data.ordnancesurvey.co.uk/id/7000000000021698,http://data.ordnancesurvey.co.uk/ontology/admingeo/District,North Yorkshire,http://data.ordnancesurvey.co.uk/id/7000000000022028,http://data.ordnancesurvey.co.uk/ontology/admingeo/County,Yorkshire and the Humber,http://data.ordnancesurvey.co.uk/id/7000000000041430,England,http://data.ordnancesurvey.co.uk/id/country/england,,,
BD235HB,http://data.ordnancesurvey.co.uk/id/postcodeunit/BD235HB,BD23 5HB,,,,other,Postcode,398911,463479,3500,18000,,,,,,,Threshfield,http://data.ordnancesurvey.co.uk/id/4000000074564035,http://www.ordnancesurvey.co.uk/xml/codelists/localtype.xml#village,Craven,http://data.ordnancesurvey.co.uk/id/7000000000021698,http://data.ordnancesurvey.co.uk/ontology/admingeo/District,North Yorkshire,http://data.ordnancesurvey.co.uk/id/7000000000022028,http://data.ordnancesurvey.co.uk/ontology/admingeo/County,Yorkshire and the Humber,http://data.ordnancesurvey.co.uk/id/7000000000041430,England,http://data.ordnancesurvey.co.uk/id/country/england,,,
BD235EX,http://data.ordnancesurvey.co.uk/id/postcodeunit/BD235EX,BD23 5EX,,,,other,Postcode,399136,463818,3500,18000,,,,,,,Threshfield,http://data.ordnancesurvey.co.uk/id/4000000074564035,http://www.ordnancesurvey.co.uk/xml/codelists/localtype.xml#village,Craven,http://data.ordnancesurvey.co.uk/id/7000000000021698,http://data.ordnancesurvey.co.uk/ontology/admingeo/District,North Yorkshire,http://data.ordnancesurvey.co.uk/id/7000000000022028,http://data.ordnancesurvey.co.uk/ontology/admingeo/County,Yorkshire and the Humber,http://data.ordnancesurvey.co.uk/id/7000000000041430,England,http://data.ordnancesurvey.co.uk/id/country/england,,,
BD234DL,http://data.ordnancesurvey.co.uk/id/postcodeunit/BD234DL,BD23 4DL,,,,other,Postcode,391416,463479,3500,18000,,,,,,,,,,Craven,http://data.ordnancesurvey.co.uk/id/7000000000021698,http://data.ordnancesurvey.co.uk/ontology/admingeo/District,North Yorkshire,http://data.ordnancesurvey.co.uk/id/7000000000022028,http://data.ordnancesurvey.co.uk/ontology/admingeo/County,Yorkshire and the Humber,http://data.ordnancesurvey.co.uk/id/7000000000041430,England,http://data.ordnancesurvey.co.uk/id/country/england,,,
BD240EY,http://data.ordnancesurvey.co.uk/id/postcodeunit/BD240EY,BD24 0EY,,,,other,Postcode,381082,471995,3500,18000,,,,,,,Horton in Ribblesdale,http://data.ordnancesurvey.co.uk/id/4000000074565640,http://www.ordnancesurvey.co.uk/xml/codelists/localtype.xml#village,Craven,http://data.ordnancesurvey.co.uk/id/7000000000021698,http://data.ordnancesurvey.co.uk/ontology/admingeo/District,North Yorkshire,http://data.ordnancesurvey.co.uk/id/7000000000022028,http://data.ordnancesurvey.co.uk/ontology/admingeo/County,Yorkshire and the Humber,http://data.ordnancesurvey.co.uk/id/7000000000041430,England,http://data.ordnancesurvey.co.uk/id/country/england,,,
BD240DN,http://data.ordnancesurvey.co.uk/id/postcodeunit/BD240DN,BD24 0DN,,,,other,Postcode,381420,465585,3500,18000,,,,,,,Stackhouse,http://data.ordnancesurvey.co.uk/id/4000000074565010,http://www.ordnancesurvey.co.uk/xml/codelists/localtype.xml#hamlet,Craven,http://data.ordnancesurvey.co.uk/id/7000000000021698,http://data.ordnancesurvey.co.uk/ontology/admingeo/District,North Yorkshire,http://data.ordnancesurvey.co.uk/id/7000000000022028,http://data.ordnancesurvey.co.uk/ontology/admingeo/County,Yorkshire and the Humber,http://data.ordnancesurvey.co.uk/id/7000000000041430,England,http://data.ordnancesurvey.co.uk/id/country/england,,,
BD235RQ,http://data.ordnancesurvey.co.uk/id/postcodeunit/BD235RQ,BD23 5RQ,,,,other,Postcode,397138,472301,3500,18000,,,,,,,Kettlewell,http://data.ordnancesurvey.co.uk/id/4000000074564692,http://www.ordnancesurvey.co.uk/xml/codelists/localtype.xml#village,Craven,http://data.ordnancesurvey.co.uk/id/7000000000021698,http://data.ordnancesurvey.co.uk/ontology/admingeo/District,North Yorkshire,http://data.ordnancesurvey.co.uk/id/7000000000022028,http://data.ordnancesurvey.co.uk/ontology/admingeo/County,Yorkshire and the Humber,http://data.ordnancesurvey.co.uk/id/7000000000041430,England,http://data.ordnancesurvey.co.uk/id/country/england,,,
BD249RR,http://data.ordnancesurvey.co.uk/id/postcodeunit/BD249RR,BD24 9RR,,,,other,Postcode,381641,462957,3500,18000,,,,,,,Settle,http://data.ordnancesurvey.co.uk/id/4000000074565008,http://www.ordnancesurvey.co.uk/xml/codelists/localtype.xml#town,Craven,http://data.ordnancesurvey.co.uk/id/7000000000021698,http://data.ordnancesurvey.co.uk/ontology/admingeo/District,North Yorkshire,http://data.ordnancesurvey.co.uk/id/7000000000022028,http://data.ordnancesurvey.co.uk/ontology/admingeo/County,Yorkshire and the Humber,http://data.ordnancesurvey.co.uk/id/7000000000041430,England,http://data.ordnancesurvey.co.uk/id/country/england,,,
BD240AJ,http://data.ordnancesurvey.co.uk/id/postcodeunit/BD240AJ,BD24 0AJ,,,,other,Postcode,380042,460995,3500,18000,,,,,,,,,,Craven,http://data.ordnancesurvey.co.uk/id/7000000000021698,http://data.ordnancesurvey.co.uk/ontology/admingeo/District,North Yorkshire,http://data.ordnancesurvey.co.uk/id/7000000000022028,http://data.ordnancesurvey.co.uk/ontology/admingeo/County,Yorkshire and the Humber,http://data.ordnancesurvey.co.uk/id/7000000000041430,England,http://data.ordnancesurvey.co.uk/id/country/england,,,
BD249NE,http://data.ordnancesurvey.co.uk/id/postcodeunit/BD249NE,BD24 9NE,,,,other,Postcode,382148,465013,3500,18000,,,,,,,Langcliffe,http://data.ordnancesurvey.co.uk/id/4000000074565009,http://www.ordnancesurvey.co.uk/xml/codelists/localtype.xml#village,Craven,http://data.ordnancesurvey.co.uk/id/7000000000021698,http://data.ordnancesurvey.co.uk/ontology/admingeo/District,North Yorkshire,http://data.ordnancesurvey.co.uk/id/7000000000022028,http://data.ordnancesurvey.co.uk/ontology/admingeo/County,Yorkshire and the Humber,http://data.ordnancesurvey.co.uk/id/7000000000041430,England,http://data.ordnancesurvey.co.uk/id/country/england,,,
BD249EA,http://data.ordnancesurvey.co.uk/id/postcodeunit/BD249EA,BD24 9EA,,,,other,Postcode,381883,463716,3500,18000,,,,,,,Settle,http://data.ordnancesurvey.co.uk/id/4000000074565008,http://www.ordnancesurvey.co.uk/xml/codelists/localtype.xml#town,Craven,http://data.ordnancesurvey.co.uk/id/7000000000021698,http://data.ordnancesurvey.co.uk/ontology/admingeo/District,North Yorkshire,http://data.ordnancesurvey.co.uk/id/7000000000022028,http://data.ordnancesurvey.co.uk/ontology/admingeo/County,Yorkshire and the Humber,http://data.ordnancesurvey.co.uk/id/7000000000041430,England,http://data.ordnancesurvey.co.uk/id/country/england,,,
BD249FH,http://data.ordnancesurvey.co.uk/id/postcodeunit/BD249FH,BD24 9FH,,,,other,Postcode,382017,463227,3500,18000,,,,,,,Settle,http://data.ordnancesurvey.co.uk/id/4000000074565008,http://www.ordnancesurvey.co.uk/xml/codelists/localtype.xml#town,Craven,http://data.ordnancesurvey.co.uk/id/7000000000021698,http://data.ordnancesurvey.co.uk/ontology/admingeo/District,North Yorkshire,http://data.ordnancesurvey.co.uk/id/7000000000022028,http://data.ordnancesurvey.co.uk/ontology/admingeo/County,Yorkshire and the Humber,http://data.ordnancesurvey.co.uk/id/7000000000041430,England,http://data.ordnancesurvey.co.uk/id/country/england,,,
BD249BB,http://data.ordnancesurvey.co.uk/id/postcodeunit/BD249BB,BD24 9BB,,,,other,Postcode,381815,463212,3500,18000,,,,,,,Settle,http://data.ordnancesurvey.co.uk/id/4000000074565008,http://www.ordnancesurvey.co.uk/xml/codelists/localtype.xml#town,Craven,http://data.ordnancesurvey.co.uk/id/7000000000021698,http://data.ordnancesurvey.co.uk/ontology/admingeo/District,North Yorkshire,http://data.ordnancesurvey.co.uk/id/7000000000022028,http://data.ordnancesurvey.co.uk/ontology/admingeo/County,Yorkshire and the Humber,http://data.ordnancesurvey.co.uk/id/7000000000041430,England,http://data.ordnancesurvey.co.uk/id/country/england,,,
BD249BT,http://data.ordnancesurvey.co.uk/id/postcodeunit/BD249BT,BD24 9BT,,,,other,Postcode,381466,463079,3500,18000,,,,,,,Settle,http://data.ordnancesurvey.co.uk/id/4000000074565008,http://www.ordnancesurvey.co.uk/xml/codelists/localtype.xml#town,Craven,http://data.ordnancesurvey.co.uk/id/7000000000021698,http://data.ordnancesurvey.co.uk/ontology/admingeo/District,North Yorkshire,http://data.ordnancesurvey.co.uk/id/7000000000022028,http://data.ordnancesurvey.co.uk/ontology/admingeo/County,Yorkshire and the Humber,http://data.ordnancesurvey.co.uk/id/7000000000041430,England,http://data.ordnancesurvey.co.uk/id/country/england,,,
BD234BT,http://data.ordnancesurvey.co.uk/id/postcodeunit/BD234BT,BD23 4BT,,,,other,Postcode,389473,461057,3500,18000,,,,,,,Kirkby Malham,http://data.ordnancesurvey.co.uk/id/4000000074563390,http://www.ordnancesurvey.co.uk/xml/codelists/localtype.xml#village,Craven,http://data.ordnancesurvey.co.uk/id/7000000000021698,http://data.ordnancesurvey.co.uk/ontology/admingeo/District,North Yorkshire,http://data.ordnancesurvey.co.uk/id/7000000000022028,http://data.ordnancesurvey.co.uk/ontology/admingeo/County,Yorkshire and the Humber,http://data.ordnancesurvey.co.uk/id/7000000000041430,England,http://data.ordnancesurvey.co.uk/id/country/england,,,
BD249RU,http://data.ordnancesurvey.co.uk/id/postcodeunit/BD249RU,BD24 9RU,,,,other,Postcode,381697,463282,3500,18000,,,,,,,Settle,http://data.ordnancesurvey.co.uk/id/4000000074565008,http://www.ordnancesurvey.co.uk/xml/codelists/localtype.xml#town,Craven,http://data.ordnancesurvey.co.uk/id/7000000000021698,http://data.ordnancesurvey.co.uk/ontology/admingeo/District,North Yorkshire,http://data.ordnancesurvey.co.uk/id/7000000000022028,http://data.ordnancesurvey.co.uk/ontology/admingeo/County,Yorkshire and the Humber,http://data.ordnancesurvey.co.uk/id/7000000000041430,England,http://data.ordnancesurvey.co.uk/id/country/england,,,
BD240BY,http://data.ordnancesurvey.co.uk/id/postcodeunit/BD240BY,BD24 0BY,,,,other,Postcode,380997,463823,3500,18000,,,,,,,Giggleswick,http://data.ordnancesurvey.co.uk/id/4000000074565013,http://www.ordnancesurvey.co.uk/xml/codelists/localtype.xml#village,Craven,http://data.ordnancesurvey.co.uk/id/7000000000021698,http://data.ordnancesurvey.co.uk/ontology/admingeo/District,North Yorkshire,http://data.ordnancesurvey.co.uk/id/7000000000022028,http://data.ordnancesurvey.co.uk/ontology/admingeo/County,Yorkshire and the Humber,http://data.ordnancesurvey.co.uk/id/7000000000041430,England,http://data.ordnancesurvey.co.uk/id/country/england,,,
BD240DB,http://data.ordnancesurvey.co.uk/id/postcodeunit/BD240DB,BD24 0DB,,,,other,Postcode,381043,463971,3500,18000,,,,,,,Giggleswick,http://data.ordnancesurvey.co.uk/id/4000000074565013,http://www.ordnancesurvey.co.uk/xml/codelists/localtype.xml#village,Craven,http://data.ordnancesurvey.co.uk/id/7000000000021698,http://data.ordnancesurvey.co.uk/ontology/admingeo/District,North Yorkshire,http://data.ordnancesurvey.co.uk/id/7000000000022028,http://data.ordnancesurvey.co.uk/ontology/admingeo/County,Yorkshire and the Humber,http://data.ordnancesurvey.co.uk/id/7000000000041430,England,http://data.ordnancesurvey.co.uk/id/country/england,,,
BD249QE,http://data.ordnancesurvey.co.uk/id/postcodeunit/BD249QE,BD24 9QE,,,,other,Postcode,382139,467196,3500,18000,,,,,,,Stainforth,http://data.ordnancesurvey.co.uk/id/4000000074565011,http://www.ordnancesurvey.co.uk/xml/codelists/localtype.xml#village,Craven,http://data.ordnancesurvey.co.uk/id/7000000000021698,http://data.ordnancesurvey.co.uk/ontology/admingeo/District,North Yorkshire,http://data.ordnancesurvey.co.uk/id/7000000000022028,http://data.ordnancesurvey.co.uk/ontology/admingeo/County,Yorkshire and the Humber,http://data.ordnancesurvey.co.uk/id/7000000000041430,England,http://data.ordnancesurvey.co.uk/id/country/england,,,
BD234DD,http://data.ordnancesurvey.co.uk/id/postcodeunit/BD234DD,BD23 4DD,,,,other,Postcode,390188,462997,3500,18000,,,,,,,Malham,http://data.ordnancesurvey.co.uk/id/4000000074564690,http://www.ordnancesurvey.co.uk/xml/codelists/localtype.xml#village,Craven,http://data.ordnancesurvey.co.uk/id/7000000000021698,http://data.ordnancesurvey.co.uk/ontology/admingeo/District,North Yorkshire,http://data.ordnancesurvey.co.uk/id/7000000000022028,http://data.ordnancesurvey.co.uk/ontology/admingeo/County,Yorkshire and the Humber,http://data.ordnancesurvey.co.uk/id/7000000000041430,England,http://data.ordnancesurvey.co.uk/id/country/england,,,
BD249DF,http://data.ordnancesurvey.co.uk/id/postcodeunit/BD249DF,BD24 9DF,,,,other,Postcode,381619,463952,3500,18000,,,,,,,Settle,http://data.ordnancesurvey.co.uk/id/4000000074565008,http://www.ordnancesurvey.co.uk/xml/codelists/localtype.xml#town,Craven,http://data.ordnancesurvey.co.uk/id/7000000000021698,http://data.ordnancesurvey.co.uk/ontology/admingeo/District,North Yorkshire,http://data.ordnancesurvey.co.uk/id/7000000000022028,http://data.ordnancesurvey.co.uk/ontology/admingeo/County,Yorkshire and the Humber,http://data.ordnancesurvey.co.uk/id/7000000000041430,England,http://data.ordnancesurvey.co.uk/id/country/england,,,
BD235QU,http://data.ordnancesurvey.co.uk/id/postcodeunit/BD235QU,BD23 5QU,,,,other,Postcode,397039,472401,3500,18000,,,,,,,Kettlewell,http://data.ordnancesurvey.co.uk/id/4000000074564692,http://www.ordnancesurvey.co.uk/xml/codelists/localtype.xml#village,Craven,http://data.ordnancesurvey.co.uk/id/7000000000021698,http://data.ordnancesurvey.co.uk/ontology/admingeo/District,North Yorkshire,http://data.ordnancesurvey.co.uk/id/7000000000022028,http://data.ordnancesurvey.co.uk/ontology/admingeo/County,Yorkshire and the Humber,http://data.ordnancesurvey.co.uk/id/7000000000041430,England,http://data.ordnancesurvey.co.uk/id/country/england,,,
BD249PN,http://data.ordnancesurvey.co.uk/id/postcodeunit/BD249PN,BD24 9PN,,,,other,Postcode,383553,468710,3500,18000,,,,,,,,,,Craven,http://data.ordnancesurvey.co.uk/id/7000000000021698,http://data.ordnancesurvey.co.uk/ontology/admingeo/District,North Yorkshire,http://data.ordnancesurvey.co.uk/id/7000000000022028,http://data.ordnancesurvey.co.uk/ontology/admingeo/County,Yorkshire and the Humber,http://data.ordnancesurvey.co.uk/id/7000000000041430,England,http://data.ordnancesurvey.co.uk/id/country/england,,,
BD234DN,http://data.ordnancesurvey.co.uk/id/postcodeunit/BD234DN,BD23 4DN,,,,other,Postcode,392824,464372,3500,18000,,,,,,,,,,Craven,http://data.ordnancesurvey.co.uk/id/7000000000021698,http://data.ordnancesurvey.co.uk/ontology/admingeo/District,North Yorkshire,http://data.ordnancesurvey.co.uk/id/7000000000022028,http://data.ordnancesurvey.co.uk/ontology/admingeo/County,Yorkshire and the Humber,http://data.ordnancesurvey.co.uk/id/7000000000041430,England,http://data.ordnancesurvey.co.uk/id/country/england,,,
BD235HZ,http://data.ordnancesurvey.co.uk/id/postcodeunit/BD235HZ,BD23 5HZ,,,,other,Postcode,395344,474794,3500,18000,,,,,,,Starbotton,http://data.ordnancesurvey.co.uk/id/4000000074564693,http://www.ordnancesurvey.co.uk/xml/codelists/localtype.xml#village,Craven,http://data.ordnancesurvey.co.uk/id/7000000000021698,http://data.ordnancesurvey.co.uk/ontology/admingeo/District,North Yorkshire,http://data.ordnancesurvey.co.uk/id/7000000000022028,http://data.ordnancesurvey.co.uk/ontology/admingeo/County,Yorkshire and the Humber,http://data.ordnancesurvey.co.uk/id/7000000000041430,England,http://data.ordnancesurvey.co.uk/id/country/england,,,
BD235JX,http://data.ordnancesurvey.co.uk/id/postcodeunit/BD235JX,BD23 5JX,,,,other,Postcode,394163,477135,3500,18000,,,,,,,Buckden,http://data.ordnancesurvey.co.uk/id/4000000074568272,http://www.ordnancesurvey.co.uk/xml/codelists/localtype.xml#village,Craven,http://data.ordnancesurvey.co.uk/id/7000000000021698,http://data.ordnancesurvey.co.uk/ontology/admingeo/District,North Yorkshire,http://data.ordnancesurvey.co.uk/id/7000000000022028,http://data.ordnancesurvey.co.uk/ontology/admingeo/County,Yorkshire and the Humber,http://data.ordnancesurvey.co.uk/id/7000000000041430,England,http://data.ordnancesurvey.co.uk/id/country/england,,,
BD240DS,http://data.ordnancesurvey.co.uk/id/postcodeunit/BD240DS,BD24 0DS,,,,other,Postcode,380209,464425,3500,18000,,,,,,,,,,Craven,http://data.ordnancesurvey.co.uk/id/7000000000021698,http://data.ordnancesurvey.co.uk/ontology/admingeo/District,North Yorkshire,http://data.ordnancesurvey.co.uk/id/7000000000022028,http://data.ordnancesurvey.co.uk/ontology/admingeo/County,Yorkshire and the Humber,http://data.ordnancesurvey.co.uk/id/7000000000041430,England,http://data.ordnancesurvey.co.uk/id/country/england,,,
BD235PH,http://data.ordnancesurvey.co.uk/id/postcodeunit/BD235PH,BD23 5PH,,,,other,Postcode,398628,463908,3500,18000,,,,,,,Threshfield,http://data.ordnancesurvey.co.uk/id/4000000074564035,http://www.ordnancesurvey.co.uk/xml/codelists/localtype.xml#village,Craven,http://data.ordnancesurvey.co.uk/id/7000000000021698,http://data.ordnancesurvey.co.uk/ontology/admingeo/District,North Yorkshire,http://data.ordnancesurvey.co.uk/id/7000000000022028,http://data.ordnancesurvey.co.uk/ontology/admingeo/County,Yorkshire and the Humber,http://data.ordnancesurvey.co.uk/id/7000000000041430,England,http://data.ordnancesurvey.co.uk/id/country/england,,,
BD235HX,http://data.ordnancesurvey.co.uk/id/postcodeunit/BD235HX,BD23 5HX,,,,other,Postcode,396673,472677,3500,18000,,,,,,,,,,Craven,http://data.ordnancesurvey.co.uk/id/7000000000021698,http://data.ordnancesurvey.co.uk/ontology/admingeo/District,North Yorkshire,http://data.ordnancesurvey.co.uk/id/7000000000022028,http://data.ordnancesurvey.co.uk/ontology/admingeo/County,Yorkshire and the Humber,http://data.ordnancesurvey.co.uk/id/7000000000041430,England,http://data.ordnancesurvey.co.uk/id/country/england,,,
BD249FA,http://data.ordnancesurvey.co.uk/id/postcodeunit/BD249FA,BD24 9FA,,,,other,Postcode,381403,463860,3500,18000,,,,,,,Settle,http://data.ordnancesurvey.co.uk/id/4000000074565008,http://www.ordnancesurvey.co.uk/xml/codelists/localtype.xml#town,Craven,http://data.ordnancesurvey.co.uk/id/7000000000021698,http://data.ordnancesurvey.co.uk/ontology/admingeo/District,North Yorkshire,http://data.ordnancesurvey.co.uk/id/7000000000022028,http://data.ordnancesurvey.co.uk/ontology/admingeo/County,Yorkshire and the Humber,http://data.ordnancesurvey.co.uk/id/7000000000041430,England,http://data.ordnancesurvey.co.uk/id/country/england,,,
BD249LB,http://data.ordnancesurvey.co.uk/id/postcodeunit/BD249LB,BD24 9LB,,,,other,Postcode,382710,463217,3500,18000,,,,,,,,,,Craven,http://data.ordnancesurvey.co.uk/id/7000000000021698,http://data.ordnancesurvey.co.uk/ontology/admingeo/District,North Yorkshire,http://data.ordnancesurvey.co.uk/id/7000000000022028,http://data.ordnancesurvey.co.uk/ontology/admingeo/County,Yorkshire and the Humber,http://data.ordnancesurvey.co.uk/id/7000000000041430,England,http://data.ordnancesurvey.co.uk/id/country/england,,,
BD235RT,http://data.ordnancesurvey.co.uk/id/postcodeunit/BD235RT,BD23 5RT,,,,other,Postcode,397953,464722,3500,18000,,,,,,,Long Ashes,http://data.ordnancesurvey.co.uk/id/4000000074564364,http://www.ordnancesurvey.co.uk/xml/codelists/localtype.xml#village,Craven,http://data.ordnancesurvey.co.uk/id/7000000000021698,http://data.ordnancesurvey.co.uk/ontology/admingeo/District,North Yorkshire,http://data.ordnancesurvey.co.uk/id/7000000000022028,http://data.ordnancesurvey.co.uk/ontology/admingeo/County,Yorkshire and the Humber,http://data.ordnancesurvey.co.uk/id/7000000000041430,England,http://data.ordnancesurvey.co.uk/id/country/england,,,
BD235HR,http://data.ordnancesurvey.co.uk/id/postcodeunit/BD235HR,BD23 5HR,,,,other,Postcode,399487,463786,3500,18000,,,,,,,Threshfield,http://data.ordnancesurvey.co.uk/id/4000000074564035,http://www.ordnancesurvey.co.uk/xml/codelists/localtype.xml#village,Craven,http://data.ordnancesurvey.co.uk/id/7000000000021698,http://data.ordnancesurvey.co.uk/ontology/admingeo/District,North Yorkshire,http://data.ordnancesurvey.co.uk/id/7000000000022028,http://data.ordnancesurvey.co.uk/ontology/admingeo/County,Yorkshire and the Humber,http://data.ordnancesurvey.co.uk/id/7000000000041430,England,http://data.ordnancesurvey.co.uk/id/country/england,,,
BD249JY,http://data.ordnancesurvey.co.uk/id/postcodeunit/BD249JY,BD24 9JY,,,,other,Postcode,381432,461373,3500,18000,,,,,,,,,,Craven,http://data.ordnancesurvey.co.uk/id/7000000000021698,http://data.ordnancesurvey.co.uk/ontology/admingeo/District,North Yorkshire,http://data.ordnancesurvey.co.uk/id/7000000000022028,http://data.ordnancesurvey.co.uk/ontology/admingeo/County,Yorkshire and the Humber,http://data.ordnancesurvey.co.uk/id/7000000000041430,England,http://data.ordnancesurvey.co.uk/id/country/england,,,
BD249JF,http://data.ordnancesurvey.co.uk/id/postcodeunit/BD249JF,BD24 9JF,,,,other,Postcode,381866,463977,3500,18000,,,,,,,Settle,http://data.ordnancesurvey.co.uk/id/4000000074565008,http://www.ordnancesurvey.co.uk/xml/codelists/localtype.xml#town,Craven,http://data.ordnancesurvey.co.uk/id/7000000000021698,http://data.ordnancesurvey.co.uk/ontology/admingeo/District,North Yorkshire,http://data.ordnancesurvey.co.uk/id/7000000000022028,http://data.ordnancesurvey.co.uk/ontology/admingeo/County,Yorkshire and the Humber,http://data.ordnancesurvey.co.uk/id/7000000000041430,England,http://data.ordnancesurvey.co.uk/id/country/england,,,
BD249QN,http://data.ordnancesurvey.co.uk/id/postcodeunit/BD249QN,BD24 9QN,,,,other,Postcode,381910,463317,3500,18000,,,,,,,Settle,http://data.ordnancesurvey.co.uk/id/4000000074565008,http://www.ordnancesurvey.co.uk/xml/codelists/localtype.xml#town,Craven,http://data.ordnancesurvey.co.uk/id/7000000000021698,http://data.ordnancesurvey.co.uk/ontology/admingeo/District,North Yorkshire,http://data.ordnancesurvey.co.uk/id/7000000000022028,http://data.ordnancesurvey.co.uk/ontology/admingeo/County,Yorkshire and the Humber,http://data.ordnancesurvey.co.uk/id/7000000000041430,England,http://data.ordnancesurvey.co.uk/id/country/england,,,
BD249NN,http://data.ordnancesurvey.co.uk/id/postcodeunit/BD249NN,BD24 9NN,,,,other,Postcode,382209,465016,3500,18000,,,,,,,Langcliffe,http://data.ordnancesurvey.co.uk/id/4000000074565009,http://www.ordnancesurvey.co.uk/xml/codelists/localtype.xml#village,Craven,http://data.ordnancesurvey.co.uk/id/7000000000021698,http://data.ordnancesurvey.co.uk/ontology/admingeo/District,North Yorkshire,http://data.ordnancesurvey.co.uk/id/7000000000022028,http://data.ordnancesurvey.co.uk/ontology/admingeo/County,Yorkshire and the Humber,http://data.ordnancesurvey.co.uk/id/7000000000041430,England,http://data.ordnancesurvey.co.uk/id/country/england,,,
BD249PU,http://data.ordnancesurvey.co.uk/id/postcodeunit/BD249PU,BD24 9PU,,,,other,Postcode,389383,467243,3500,18000,,,,,,,,,,Craven,http://data.ordnancesurvey.co.uk/id/7000000000021698,http://data.ordnancesurvey.co.uk/ontology/admingeo/District,North Yorkshire,http://data.ordnancesurvey.co.uk/id/7000000000022028,http://data.ordnancesurvey.co.uk/ontology/admingeo/County,Yorkshire and the Humber,http://data.ordnancesurvey.co.uk/id/7000000000041430,England,http://data.ordnancesurvey.co.uk/id/country/england,,,
BD249LN,http://data.ordnancesurvey.co.uk/id/postcodeunit/BD249LN,BD24 9LN,,,,other,Postcode,381842,463930,3500,18000,,,,,,,Settle,http://data.ordnancesurvey.co.uk/id/4000000074565008,http://www.ordnancesurvey.co.uk/xml/codelists/localtype.xml#town,Craven,http://data.ordnancesurvey.co.uk/id/7000000000021698,http://data.ordnancesurvey.co.uk/ontology/admingeo/District,North Yorkshire,http://data.ordnancesurvey.co.uk/id/7000000000022028,http://data.ordnancesurvey.co.uk/ontology/admingeo/County,Yorkshire and the Humber,http://data.ordnancesurvey.co.uk/id/7000000000041430,England,http://data.ordnancesurvey.co.uk/id/country/england,,,
BD240AA,http://data.ordnancesurvey.co.uk/id/postcodeunit/BD240AA,BD24 0AA,,,,other,Postcode,381350,463307,3500,18000,,,,,,,Giggleswick,http://data.ordnancesurvey.co.uk/id/4000000074565013,http://www.ordnancesurvey.co.uk/xml/codelists/localtype.xml#village,Craven,http://data.ordnancesurvey.co.uk/id/7000000000021698,http://data.ordnancesurvey.co.uk/ontology/admingeo/District,North Yorkshire,http://data.ordnancesurvey.co.uk/id/7000000000022028,http://data.ordnancesurvey.co.uk/ontology/admingeo/County,Yorkshire and the Humber,http://data.ordnancesurvey.co.uk/id/7000000000041430,England,http://data.ordnancesurvey.co.uk/id/country/england,,,
BD249LF,http://data.ordnancesurvey.co.uk/id/postcodeunit/BD249LF,BD24 9LF,,,,other,Postcode,381092,462291,3500,18000,,,,,,,,,,Craven,http://data.ordnancesurvey.co.uk/id/7000000000021698,http://data.ordnancesurvey.co.uk/ontology/admingeo/District,North Yorkshire,http://data.ordnancesurvey.co.uk/id/7000000000022028,http://data.ordnancesurvey.co.uk/ontology/admingeo/County,Yorkshire and the Humber,http://data.ordnancesurvey.co.uk/id/7000000000041430,England,http://data.ordnancesurvey.co.uk/id/country/england,,,
BD240EP,http://data.ordnancesurvey.co.uk/id/postcodeunit/BD240EP,BD24 0EP,,,,other,Postcode,380216,470088,3500,18000,,,,,,,,,,Craven,http://data.ordnancesurvey.co.uk/id/7000000000021698,http://data.ordnancesurvey.co.uk/ontology/admingeo/District,North Yorkshire,http://data.ordnancesurvey.co.uk/id/7000000000022028,http://data.ordnancesurvey.co.uk/ontology/admingeo/County,Yorkshire and the Humber,http://data.ordnancesurvey.co.uk/id/7000000000041430,England,http://data.ordnancesurvey.co.uk/id/country/england,,,
BD249LA,http://data.ordnancesurvey.co.uk/id/postcodeunit/BD249LA,BD24 9LA,,,,other,Postcode,382373,463305,3500,18000,,,,,,,Settle,http://data.ordnancesurvey.co.uk/id/4000000074565008,http://www.ordnancesurvey.co.uk/xml/codelists/localtype.xml#town,Craven,http://data.ordnancesurvey.co.uk/id/7000000000021698,http://data.ordnancesurvey.co.uk/ontology/admingeo/District,North Yorkshire,http://data.ordnancesurvey.co.uk/id/7000000000022028,http://data.ordnancesurvey.co.uk/ontology/admingeo/County,Yorkshire and the Humber,http://data.ordnancesurvey.co.uk/id/7000000000041430,England,http://data.ordnancesurvey.co.uk/id/country/england,,,
BD240AH,http://data.ordnancesurvey.co.uk/id/postcodeunit/BD240AH,BD24 0AH,,,,other,Postcode,380716,462530,3500,18000,,,,,,,,,,Craven,http://data.ordnancesurvey.co.uk/id/7000000000021698,http://data.ordnancesurvey.co.uk/ontology/admingeo/District,North Yorkshire,http://data.ordnancesurvey.co.uk/id/7000000000022028,http://data.ordnancesurvey.co.uk/ontology/admingeo/County,Yorkshire and the Humber,http://data.ordnancesurvey.co.uk/id/7000000000041430,England,http://data.ordnancesurvey.co.uk/id/country/england,,,
BD249NB,http://data.ordnancesurvey.co.uk/id/postcodeunit/BD249NB,BD24 9NB,,,,other,Postcode,382124,464994,3500,18000,,,,,,,Langcliffe,http://data.ordnancesurvey.co.uk/id/4000000074565009,http://www.ordnancesurvey.co.uk/xml/codelists/localtype.xml#village,Craven,http://data.ordnancesurvey.co.uk/id/7000000000021698,http://data.ordnancesurvey.co.uk/ontology/admingeo/District,North Yorkshire,http://data.ordnancesurvey.co.uk/id/7000000000022028,http://data.ordnancesurvey.co.uk/ontology/admingeo/County,Yorkshire and the Humber,http://data.ordnancesurvey.co.uk/id/7000000000041430,England,http://data.ordnancesurvey.co.uk/id/country/england,,,
BD234DG,http://data.ordnancesurvey.co.uk/id/postcodeunit/BD234DG,BD23 4DG,,,,other,Postcode,390016,462766,3500,18000,,,,,,,Malham,http://data.ordnancesurvey.co.uk/id/4000000074564690,http://www.ordnancesurvey.co.uk/xml/codelists/localtype.xml#village,Craven,http://data.ordnancesurvey.co.uk/id/7000000000021698,http://data.ordnancesurvey.co.uk/ontology/admingeo/District,North Yorkshire,http://data.ordnancesurvey.co.uk/id/7000000000022028,http://data.ordnancesurvey.co.uk/ontology/admingeo/County,Yorkshire and the Humber,http://data.ordnancesurvey.co.uk/id/7000000000041430,England,http://data.ordnancesurvey.co.uk/id/country/england,,,
BD249QT,http://data.ordnancesurvey.co.uk/id/postcodeunit/BD249QT,BD24 9QT,,,,other,Postcode,381949,463446,3500,18000,,,,,,,Settle,http://data.ordnancesurvey.co.uk/id/4000000074565008,http://www.ordnancesurvey.co.uk/xml/codelists/localtype.xml#town,Craven,http://data.ordnancesurvey.co.uk/id/7000000000021698,http://data.ordnancesurvey.co.uk/ontology/admingeo/District,North Yorkshire,http://data.ordnancesurvey.co.uk/id/7000000000022028,http://data.ordnancesurvey.co.uk/ontology/admingeo/County,Yorkshire and the Humber,http://data.ordnancesurvey.co.uk/id/7000000000041430,England,http://data.ordnancesurvey.co.uk/id/country/england,,,
BD235HU,http://data.ordnancesurvey.co.uk/id/postcodeunit/BD235HU,BD23 5HU,,,,other,Postcode,397754,471067,3500,18000,,,,,,,,,,Craven,http://data.ordnancesurvey.co.uk/id/7000000000021698,http://data.ordnancesurvey.co.uk/ontology/admingeo/District,North Yorkshire,http://data.ordnancesurvey.co.uk/id/7000000000022028,http://data.ordnancesurvey.co.uk/ontology/admingeo/County,Yorkshire and the Humber,http://data.ordnancesurvey.co.uk/id/7000000000041430,England,http://data.ordnancesurvey.co.uk/id/country/england,,,
BD235QA,http://data.ordnancesurvey.co.uk/id/postcodeunit/BD235QA,BD23 5QA,,,,other,Postcode,395500,470607,3500,18000,,,,,,,Hawkswick,http://data.ordnancesurvey.co.uk/id/4000000074564691,http://www.ordnancesurvey.co.uk/xml/codelists/localtype.xml#hamlet,Craven,http://data.ordnancesurvey.co.uk/id/7000000000021698,http://data.ordnancesurvey.co.uk/ontology/admingeo/District,North Yorkshire,http://data.ordnancesurvey.co.uk/id/7000000000022028,http://data.ordnancesurvey.co.uk/ontology/admingeo/County,Yorkshire and the Humber,http://data.ordnancesurvey.co.uk/id/7000000000041430,England,http://data.ordnancesurvey.co.uk/id/country/england,,,
BD249RG,http://data.ordnancesurvey.co.uk/id/postcodeunit/BD249RG,BD24 9RG,,,,other,Postcode,382024,463986,3500,18000,,,,,,,Settle,http://data.ordnancesurvey.co.uk/id/4000000074565008,http://www.ordnancesurvey.co.uk/xml/codelists/localtype.xml#town,Craven,http://data.ordnancesurvey.co.uk/id/7000000000021698,http://data.ordnancesurvey.co.uk/ontology/admingeo/District,North Yorkshire,http://data.ordnancesurvey.co.uk/id/7000000000022028,http://data.ordnancesurvey.co.uk/ontology/admingeo/County,Yorkshire and the Humber,http://data.ordnancesurvey.co.uk/id/7000000000041430,England,http://data.ordnancesurvey.co.uk/id/country/england,,,
BD240HF,http://data.ordnancesurvey.co.uk/id/postcodeunit/BD240HF,BD24 0HF,,,,other,Postcode,380770,472653,3500,18000,,,,,,,Horton in Ribblesdale,http://data.ordnancesurvey.co.uk/id/4000000074565640,http://www.ordnancesurvey.co.uk/xml/codelists/localtype.xml#village,Craven,http://data.ordnancesurvey.co.uk/id/7000000000021698,http://data.ordnancesurvey.co.uk/ontology/admingeo/District,North Yorkshire,http://data.ordnancesurvey.co.uk/id/7000000000022028,http://data.ordnancesurvey.co.uk/ontology/admingeo/County,Yorkshire and the Humber,http://data.ordnancesurvey.co.uk/id/7000000000041430,England,http://data.ordnancesurvey.co.uk/id/country/england,,,
BD235PB,http://data.ordnancesurvey.co.uk/id/postcodeunit/BD235PB,BD23 5PB,,,,other,Postcode,398335,463904,3500,18000,,,,,,,Threshfield,http://data.ordnancesurvey.co.uk/id/4000000074564035,http://www.ordnancesurvey.co.uk/xml/codelists/localtype.xml#village,Craven,http://data.ordnancesurvey.co.uk/id/7000000000021698,http://data.ordnancesurvey.co.uk/ontology/admingeo/District,North Yorkshire,http://data.ordnancesurvey.co.uk/id/7000000000022028,http://data.ordnancesurvey.co.uk/ontology/admingeo/County,Yorkshire and the Humber,http://data.ordnancesurvey.co.uk/id/7000000000041430,England,http://data.ordnancesurvey.co.uk/id/country/england,,,
BD249RX,http://data.ordnancesurvey.co.uk/id/postcodeunit/BD249RX,BD24 9RX,,,,other,Postcode,381920,463703,3500,18000,,,,,,,Settle,http://data.ordnancesurvey.co.uk/id/4000000074565008,http://www.ordnancesurvey.co.uk/xml/codelists/localtype.xml#town,Craven,http://data.ordnancesurvey.co.uk/id/7000000000021698,http://data.ordnancesurvey.co.uk/ontology/admingeo/District,North Yorkshire,http://data.ordnancesurvey.co.uk/id/7000000000022028,http://data.ordnancesurvey.co.uk/ontology/admingeo/County,Yorkshire and the Humber,http://data.ordnancesurvey.co.uk/id/7000000000041430,England,http://data.ordnancesurvey.co.uk/id/country/england,,,
BD235HP,http://data.ordnancesurvey.co.uk/id/postcodeunit/BD235HP,BD23 5HP,,,,other,Postcode,399323,463832,3500,18000,,,,,,,Threshfield,http://data.ordnancesurvey.co.uk/id/4000000074564035,http://www.ordnancesurvey.co.uk/xml/codelists/localtype.xml#village,Craven,http://data.ordnancesurvey.co.uk/id/7000000000021698,http://data.ordnancesurvey.co.uk/ontology/admingeo/District,North Yorkshire,http://data.ordnancesurvey.co.uk/id/7000000000022028,http://data.ordnancesurvey.co.uk/ontology/admingeo/County,Yorkshire and the Humber,http://data.ordnancesurvey.co.uk/id/7000000000041430,England,http://data.ordnancesurvey.co.uk/id/country/england,,,
BD249AY,http://data.ordnancesurvey.co.uk/id/postcodeunit/BD249AY,BD24 9AY,,,,other,Postcode,381705,463136,3500,18000,,,,,,,Settle,http://data.ordnancesurvey.co.uk/id/4000000074565008,http://www.ordnancesurvey.co.uk/xml/codelists/localtype.xml#town,Craven,http://data.ordnancesurvey.co.uk/id/7000000000021698,http://data.ordnancesurvey.co.uk/ontology/admingeo/District,North Yorkshire,http://data.ordnancesurvey.co.uk/id/7000000000022028,http://data.ordnancesurvey.co.uk/ontology/admingeo/County,Yorkshire and the Humber,http://data.ordnancesurvey.co.uk/id/7000000000041430,England,http://data.ordnancesurvey.co.uk/id/country/england,,,
BD249BX,http://data.ordnancesurvey.co.uk/id/postcodeunit/BD249BX,BD24 9BX,,,,other,Postcode,381491,463912,3500,18000,,,,,,,Settle,http://data.ordnancesurvey.co.uk/id/4000000074565008,http://www.ordnancesurvey.co.uk/xml/codelists/localtype.xml#town,Craven,http://data.ordnancesurvey.co.uk/id/7000000000021698,http://data.ordnancesurvey.co.uk/ontology/admingeo/District,North Yorkshire,http://data.ordnancesurvey.co.uk/id/7000000000022028,http://data.ordnancesurvey.co.uk/ontology/admingeo/County,Yorkshire and the Humber,http://data.ordnancesurvey.co.uk/id/7000000000041430,England,http://data.ordnancesurvey.co.uk/id/country/england,,,
BD240BU,http://data.ordnancesurvey.co.uk/id/postcodeunit/BD240BU,BD24 0BU,,,,other,Postcode,381516,464212,3500,18000,,,,,,,Giggleswick,http://data.ordnancesurvey.co.uk/id/4000000074565013,http://www.ordnancesurvey.co.uk/xml/codelists/localtype.xml#village,Craven,http://data.ordnancesurvey.co.uk/id/7000000000021698,http://data.ordnancesurvey.co.uk/ontology/admingeo/District,North Yorkshire,http://data.ordnancesurvey.co.uk/id/7000000000022028,http://data.ordnancesurvey.co.uk/ontology/admingeo/County,Yorkshire and the Humber,http://data.ordnancesurvey.co.uk/id/7000000000041430,England,http://data.ordnancesurvey.co.uk/id/country/england,,,
BD240BP,http://data.ordnancesurvey.co.uk/id/postcodeunit/BD240BP,BD24 0BP,,,,other,Postcode,381079,463858,3500,18000,,,,,,,Giggleswick,http://data.ordnancesurvey.co.uk/id/4000000074565013,http://www.ordnancesurvey.co.uk/xml/codelists/localtype.xml#village,Craven,http://data.ordnancesurvey.co.uk/id/7000000000021698,http://data.ordnancesurvey.co.uk/ontology/admingeo/District,North Yorkshire,http://data.ordnancesurvey.co.uk/id/7000000000022028,http://data.ordnancesurvey.co.uk/ontology/admingeo/County,Yorkshire and the Humber,http://data.ordnancesurvey.co.uk/id/7000000000041430,England,http://data.ordnancesurvey.co.uk/id/country/england,,,
BD235BS,http://data.ordnancesurvey.co.uk/id/postcodeunit/BD235BS,BD23 5BS,,,,other,Postcode,399154,464193,3500,18000,,,,,,,Threshfield,http://data.ordnancesurvey.co.uk/id/4000000074564035,http://www.ordnancesurvey.co.uk/xml/codelists/localtype.xml#village,Craven,http://data.ordnancesurvey.co.uk/id/7000000000021698,http://data.ordnancesurvey.co.uk/ontology/admingeo/District,North Yorkshire,http://data.ordnancesurvey.co.uk/id/7000000000022028,http://data.ordnancesurvey.co.uk/ontology/admingeo/County,Yorkshire and the Humber,http://data.ordnancesurvey.co.uk/id/7000000000041430,England,http://data.ordnancesurvey.co.uk/id/country/england,,,
BD249PJ,http://data.ordnancesurvey.co.uk/id/postcodeunit/BD249PJ,BD24 9PJ,,,,other,Postcode,382164,467444,3500,18000,,,,,,,Stainforth,http://data.ordnancesurvey.co.uk/id/4000000074565011,http://www.ordnancesurvey.co.uk/xml/codelists/localtype.xml#village,Craven,http://data.ordnancesurvey.co.uk/id/7000000000021698,http://data.ordnancesurvey.co.uk/ontology/admingeo/District,North Yorkshire,http://data.ordnancesurvey.co.uk/id/7000000000022028,http://data.ordnancesurvey.co.uk/ontology/admingeo/County,Yorkshire and the Humber,http://data.ordnancesurvey.co.uk/id/7000000000041430,England,http://data.ordnancesurvey.co.uk/id/country/england,,,
BD235ES,http://data.ordnancesurvey.co.uk/id/postcodeunit/BD235ES,BD23 5ES,,,,other,Postcode,399519,463875,3500,18000,,,,,,,Threshfield,http://data.ordnancesurvey.co.uk/id/4000000074564035,http://www.ordnancesurvey.co.uk/xml/codelists/localtype.xml#village,Craven,http://data.ordnancesurvey.co.uk/id/7000000000021698,http://data.ordnancesurvey.co.uk/ontology/admingeo/District,North Yorkshire,http://data.ordnancesurvey.co.uk/id/7000000000022028,http://data.ordnancesurvey.co.uk/ontology/admingeo/County,Yorkshire and the Humber,http://data.ordnancesurvey.co.uk/id/7000000000041430,England,http://data.ordnancesurvey.co.uk/id/country/england,,,
BD240AR,http://data.ordnancesurvey.co.uk/id/postcodeunit/BD240AR,BD24 0AR,,,,other,Postcode,380967,463256,3500,18000,,,,,,,Giggleswick,http://data.ordnancesurvey.co.uk/id/4000000074565013,http://www.ordnancesurvey.co.uk/xml/codelists/localtype.xml#village,Craven,http://data.ordnancesurvey.co.uk/id/7000000000021698,http://data.ordnancesurvey.co.uk/ontology/admingeo/District,North Yorkshire,http://data.ordnancesurvey.co.uk/id/7000000000022028,http://data.ordnancesurvey.co.uk/ontology/admingeo/County,Yorkshire and the Humber,http://data.ordnancesurvey.co.uk/id/7000000000041430,England,http://data.ordnancesurvey.co.uk/id/country/england,,,
BD249BN,http://data.ordnancesurvey.co.uk/id/postcodeunit/BD249BN,BD24 9BN,,,,other,Postcode,381671,463447,3500,18000,,,,,,,Settle,http://data.ordnancesurvey.co.uk/id/4000000074565008,http://www.ordnancesurvey.co.uk/xml/codelists/localtype.xml#town,Craven,http://data.ordnancesurvey.co.uk/id/7000000000021698,http://data.ordnancesurvey.co.uk/ontology/admingeo/District,North Yorkshire,http://data.ordnancesurvey.co.uk/id/7000000000022028,http://data.ordnancesurvey.co.uk/ontology/admingeo/County,Yorkshire and the Humber,http://data.ordnancesurvey.co.uk/id/7000000000041430,England,http://data.ordnancesurvey.co.uk/id/country/england,,,
BD249HS,http://data.ordnancesurvey.co.uk/id/postcodeunit/BD249HS,BD24 9HS,,,,other,Postcode,382005,463558,3500,18000,,,,,,,Settle,http://data.ordnancesurvey.co.uk/id/4000000074565008,http://www.ordnancesurvey.co.uk/xml/codelists/localtype.xml#town,Craven,http://data.ordnancesurvey.co.uk/id/7000000000021698,http://data.ordnancesurvey.co.uk/ontology/admingeo/District,North Yorkshire,http://data.ordnancesurvey.co.uk/id/7000000000022028,http://data.ordnancesurvey.co.uk/ontology/admingeo/County,Yorkshire and the Humber,http://data.ordnancesurvey.co.uk/id/7000000000041430,England,http://data.ordnancesurvey.co.uk/id/country/england,,,
BD240DF,http://data.ordnancesurvey.co.uk/id/postcodeunit/BD240DF,BD24 0DF,,,,other,Postcode,380947,464337,3500,18000,,,,,,,Giggleswick,http://data.ordnancesurvey.co.uk/id/4000000074565013,http://www.ordnancesurvey.co.uk/xml/codelists/localtype.xml#village,Craven,http://data.ordnancesurvey.co.uk/id/7000000000021698,http://data.ordnancesurvey.co.uk/ontology/admingeo/District,North Yorkshire,http://data.ordnancesurvey.co.uk/id/7000000000022028,http://data.ordnancesurvey.co.uk/ontology/admingeo/County,Yorkshire and the Humber,http://data.ordnancesurvey.co.uk/id/7000000000041430,England,http://data.ordnancesurvey.co.uk/id/country/england,,,
BD235QG,http://data.ordnancesurvey.co.uk/id/postcodeunit/BD235QG,BD23 5QG,,,,other,Postcode,396956,472450,3500,18000,,,,,,,Kettlewell,http://data.ordnancesurvey.co.uk/id/4000000074564692,http://www.ordnancesurvey.co.uk/xml/codelists/localtype.xml#village,Craven,http://data.ordnancesurvey.co.uk/id/7000000000021698,http://data.ordnancesurvey.co.uk/ontology/admingeo/District,North Yorkshire,http://data.ordnancesurvey.co.uk/id/7000000000022028,http://data.ordnancesurvey.co.uk/ontology/admingeo/County,Yorkshire and the Humber,http://data.ordnancesurvey.co.uk/id/7000000000041430,England,http://data.ordnancesurvey.co.uk/id/country/england,,,
BD235QZ,http://data.ordnancesurvey.co.uk/id/postcodeunit/BD235QZ,BD23 5QZ,,,,other,Postcode,396837,472277,3500,18000,,,,,,,Kettlewell,http://data.ordnancesurvey.co.uk/id/4000000074564692,http://www.ordnancesurvey.co.uk/xml/codelists/localtype.xml#village,Craven,http://data.ordnancesurvey.co.uk/id/7000000000021698,http://data.ordnancesurvey.co.uk/ontology/admingeo/District,North Yorkshire,http://data.ordnancesurvey.co.uk/id/7000000000022028,http://data.ordnancesurvey.co.uk/ontology/admingeo/County,Yorkshire and the Humber,http://data.ordnancesurvey.co.uk/id/7000000000041430,England,http://data.ordnancesurvey.co.uk/id/country/england,,,
BD240HT,http://data.ordnancesurvey.co.uk/id/postcodeunit/BD240HT,BD24 0HT,,,,other,Postcode,380418,472771,3500,18000,,,,,,,Horton in Ribblesdale,http://data.ordnancesurvey.co.uk/id/4000000074565640,http://www.ordnancesurvey.co.uk/xml/codelists/localtype.xml#village,Craven,http://data.ordnancesurvey.co.uk/id/7000000000021698,http://data.ordnancesurvey.co.uk/ontology/admingeo/District,North Yorkshire,http://data.ordnancesurvey.co.uk/id/7000000000022028,http://data.ordnancesurvey.co.uk/ontology/admingeo/County,Yorkshire and the Humber,http://data.ordnancesurvey.co.uk/id/7000000000041430,England,http://data.ordnancesurvey.co.uk/id/country/england,,,
BD240AQ,http://data.ordnancesurvey.co.uk/id/postcodeunit/BD240AQ,BD24 0AQ,,,,other,Postcode,380956,463384,3500,18000,,,,,,,Giggleswick,http://data.ordnancesurvey.co.uk/id/4000000074565013,http://www.ordnancesurvey.co.uk/xml/codelists/localtype.xml#village,Craven,http://data.ordnancesurvey.co.uk/id/7000000000021698,http://data.ordnancesurvey.co.uk/ontology/admingeo/District,North Yorkshire,http://data.ordnancesurvey.co.uk/id/7000000000022028,http://data.ordnancesurvey.co.uk/ontology/admingeo/County,Yorkshire and the Humber,http://data.ordnancesurvey.co.uk/id/7000000000041430,England,http://data.ordnancesurvey.co.uk/id/country/england,,,
BD240DE,http://data.ordnancesurvey.co.uk/id/postcodeunit/BD240DE,BD24 0DE,,,,other,Postcode,381043,463971,3500,18000,,,,,,,Giggleswick,http://data.ordnancesurvey.co.uk/id/4000000074565013,http://www.ordnancesurvey.co.uk/xml/codelists/localtype.xml#village,Craven,http://data.ordnancesurvey.co.uk/id/7000000000021698,http://data.ordnancesurvey.co.uk/ontology/admingeo/District,North Yorkshire,http://data.ordnancesurvey.co.uk/id/7000000000022028,http://data.ordnancesurvey.co.uk/ontology/admingeo/County,Yorkshire and the Humber,http://data.ordnancesurvey.co.uk/id/7000000000041430,England,http://data.ordnancesurvey.co.uk/id/country/england,,,
BD249HD,http://data.ordnancesurvey.co.uk/id/postcodeunit/BD249HD,BD24 9HD,,,,other,Postcode,382122,463440,3500,18000,,,,,,,Settle,http://data.ordnancesurvey.co.uk/id/4000000074565008,http://www.ordnancesurvey.co.uk/xml/codelists/localtype.xml#town,Craven,http://data.ordnancesurvey.co.uk/id/7000000000021698,http://data.ordnancesurvey.co.uk/ontology/admingeo/District,North Yorkshire,http://data.ordnancesurvey.co.uk/id/7000000000022028,http://data.ordnancesurvey.co.uk/ontology/admingeo/County,Yorkshire and the Humber,http://data.ordnancesurvey.co.uk/id/7000000000041430,England,http://data.ordnancesurvey.co.uk/id/country/england,,,
BD236LE,http://data.ordnancesurvey.co.uk/id/postcodeunit/BD236LE,BD23 6LE,,,,other,Postcode,397900,460107,3500,18000,,,,,,,Cracoe,http://data.ordnancesurvey.co.uk/id/4000000074567942,http://www.ordnancesurvey.co.uk/xml/codelists/localtype.xml#village,Craven,http://data.ordnancesurvey.co.uk/id/7000000000021698,http://data.ordnancesurvey.co.uk/ontology/admingeo/District,North Yorkshire,http://data.ordnancesurvey.co.uk/id/7000000000022028,http://data.ordnancesurvey.co.uk/ontology/admingeo/County,Yorkshire and the Humber,http://data.ordnancesurvey.co.uk/id/7000000000041430,England,http://data.ordnancesurvey.co.uk/id/country/england,,,
BD249AA,http://data.ordnancesurvey.co.uk/id/postcodeunit/BD249AA,BD24 9AA,,,,other,Postcode,381848,463541,3500,18000,,,,,,,Settle,http://data.ordnancesurvey.co.uk/id/4000000074565008,http://www.ordnancesurvey.co.uk/xml/codelists/localtype.xml#town,Craven,http://data.ordnancesurvey.co.uk/id/7000000000021698,http://data.ordnancesurvey.co.uk/ontology/admingeo/District,North Yorkshire,http://data.ordnancesurvey.co.uk/id/7000000000022028,http://data.ordnancesurvey.co.uk/ontology/admingeo/County,Yorkshire and the Humber,http://data.ordnancesurvey.co.uk/id/7000000000041430,England,http://data.ordnancesurvey.co.uk/id/country/england,,,
BD235QQ,http://data.ordnancesurvey.co.uk/id/postcodeunit/BD235QQ,BD23 5QQ,,,,other,Postcode,392993,472212,3500,18000,,,,,,,,,,Craven,http://data.ordnancesurvey.co.uk/id/7000000000021698,http://data.ordnancesurvey.co.uk/ontology/admingeo/District,North Yorkshire,http://data.ordnancesurvey.co.uk/id/7000000000022028,http://data.ordnancesurvey.co.uk/ontology/admingeo/County,Yorkshire and the Humber,http://data.ordnancesurvey.co.uk/id/7000000000041430,England,http://data.ordnancesurvey.co.uk/id/country/england,,,
BD240EL,http://data.ordnancesurvey.co.uk/id/postcodeunit/BD240EL,BD24 0EL,,,,other,Postcode,380289,469436,3500,18000,,,,,,,,,,Craven,http://data.ordnancesurvey.co.uk/id/7000000000021698,http://data.ordnancesurvey.co.uk/ontology/admingeo/District,North Yorkshire,http://data.ordnancesurvey.co.uk/id/7000000000022028,http://data.ordnancesurvey.co.uk/ontology/admingeo/County,Yorkshire and the Humber,http://data.ordnancesurvey.co.uk/id/7000000000041430,England,http://data.ordnancesurvey.co.uk/id/country/england,,,
BD235ND,http://data.ordnancesurvey.co.uk/id/postcodeunit/BD235ND,BD23 5ND,,,,other,Postcode,399863,464281,3500,18000,,,,,,,Grassington,http://data.ordnancesurvey.co.uk/id/4000000074564363,http://www.ordnancesurvey.co.uk/xml/codelists/localtype.xml#village,Craven,http://data.ordnancesurvey.co.uk/id/7000000000021698,http://data.ordnancesurvey.co.uk/ontology/admingeo/District,North Yorkshire,http://data.ordnancesurvey.co.uk/id/7000000000022028,http://data.ordnancesurvey.co.uk/ontology/admingeo/County,Yorkshire and the Humber,http://data.ordnancesurvey.co.uk/id/7000000000041430,England,http://data.ordnancesurvey.co.uk/id/country/england,,,
BD240BX,http://data.ordnancesurvey.co.uk/id/postcodeunit/BD240BX,BD24 0BX,,,,other,Postcode,381057,463398,3500,18000,,,,,,,Giggleswick,http://data.ordnancesurvey.co.uk/id/4000000074565013,http://www.ordnancesurvey.co.uk/xml/codelists/localtype.xml#village,Craven,http://data.ordnancesurvey.co.uk/id/7000000000021698,http://data.ordnancesurvey.co.uk/ontology/admingeo/District,North Yorkshire,http://data.ordnancesurvey.co.uk/id/7000000000022028,http://data.ordnancesurvey.co.uk/ontology/admingeo/County,Yorkshire and the Humber,http://data.ordnancesurvey.co.uk/id/7000000000041430,England,http://data.ordnancesurvey.co.uk/id/country/england,,,
BD235QT,http://data.ordnancesurvey.co.uk/id/postcodeunit/BD235QT,BD23 5QT,,,,other,Postcode,397045,472438,3500,18000,,,,,,,Kettlewell,http://data.ordnancesurvey.co.uk/id/4000000074564692,http://www.ordnancesurvey.co.uk/xml/codelists/localtype.xml#village,Craven,http://data.ordnancesurvey.co.uk/id/7000000000021698,http://data.ordnancesurvey.co.uk/ontology/admingeo/District,North Yorkshire,http://data.ordnancesurvey.co.uk/id/7000000000022028,http://data.ordnancesurvey.co.uk/ontology/admingeo/County,Yorkshire and the Humber,http://data.ordnancesurvey.co.uk/id/7000000000041430,England,http://data.ordnancesurvey.co.uk/id/country/england,,,
BD249BP,http://data.ordnancesurvey.co.uk/id/postcodeunit/BD249BP,BD24 9BP,,,,other,Postcode,381584,463700,3500,18000,,,,,,,Settle,http://data.ordnancesurvey.co.uk/id/4000000074565008,http://www.ordnancesurvey.co.uk/xml/codelists/localtype.xml#town,Craven,http://data.ordnancesurvey.co.uk/id/7000000000021698,http://data.ordnancesurvey.co.uk/ontology/admingeo/District,North Yorkshire,http://data.ordnancesurvey.co.uk/id/7000000000022028,http://data.ordnancesurvey.co.uk/ontology/admingeo/County,Yorkshire and the Humber,http://data.ordnancesurvey.co.uk/id/7000000000041430,England,http://data.ordnancesurvey.co.uk/id/country/england,,,
BD240AU,http://data.ordnancesurvey.co.uk/id/postcodeunit/BD240AU,BD24 0AU,,,,other,Postcode,381433,464056,3500,18000,,,,,,,Giggleswick,http://data.ordnancesurvey.co.uk/id/4000000074565013,http://www.ordnancesurvey.co.uk/xml/codelists/localtype.xml#village,Craven,http://data.ordnancesurvey.co.uk/id/7000000000021698,http://data.ordnancesurvey.co.uk/ontology/admingeo/District,North Yorkshire,http://data.ordnancesurvey.co.uk/id/7000000000022028,http://data.ordnancesurvey.co.uk/ontology/admingeo/County,Yorkshire and the Humber,http://data.ordnancesurvey.co.uk/id/7000000000041430,England,http://data.ordnancesurvey.co.uk/id/country/england,,,
BD235RP,http://data.ordnancesurvey.co.uk/id/postcodeunit/BD235RP,BD23 5RP,,,,other,Postcode,397720,474536,3500,18000,,,,,,,,,,Craven,http://data.ordnancesurvey.co.uk/id/7000000000021698,http://data.ordnancesurvey.co.uk/ontology/admingeo/District,North Yorkshire,http://data.ordnancesurvey.co.uk/id/7000000000022028,http://data.ordnancesurvey.co.uk/ontology/admingeo/County,Yorkshire and the Humber,http://data.ordnancesurvey.co.uk/id/7000000000041430,England,http://data.ordnancesurvey.co.uk/id/country/england,,,
BD240BQ,http://data.ordnancesurvey.co.uk/id/postcodeunit/BD240BQ,BD24 0BQ,,,,other,Postcode,381188,464027,3500,18000,,,,,,,Giggleswick,http://data.ordnancesurvey.co.uk/id/4000000074565013,http://www.ordnancesurvey.co.uk/xml/codelists/localtype.xml#village,Craven,http://data.ordnancesurvey.co.uk/id/7000000000021698,http://data.ordnancesurvey.co.uk/ontology/admingeo/District,North Yorkshire,http://data.ordnancesurvey.co.uk/id/7000000000022028,http://data.ordnancesurvey.co.uk/ontology/admingeo/County,Yorkshire and the Humber,http://data.ordnancesurvey.co.uk/id/7000000000041430,England,http://data.ordnancesurvey.co.uk/id/country/england,,,
BD249FE,http://data.ordnancesurvey.co.uk/id/postcodeunit/BD249FE,BD24 9FE,,,,other,Postcode,381859,463025,3500,18000,,,,,,,Settle,http://data.ordnancesurvey.co.uk/id/4000000074565008,http://www.ordnancesurvey.co.uk/xml/codelists/localtype.xml#town,Craven,http://data.ordnancesurvey.co.uk/id/7000000000021698,http://data.ordnancesurvey.co.uk/ontology/admingeo/District,North Yorkshire,http://data.ordnancesurvey.co.uk/id/7000000000022028,http://data.ordnancesurvey.co.uk/ontology/admingeo/County,Yorkshire and the Humber,http://data.ordnancesurvey.co.uk/id/7000000000041430,England,http://data.ordnancesurvey.co.uk/id/country/england,,,
BD234BX,http://data.ordnancesurvey.co.uk/id/postcodeunit/BD234BX,BD23 4BX,,,,other,Postcode,389494,461100,3500,18000,,,,,,,Kirkby Malham,http://data.ordnancesurvey.co.uk/id/4000000074563390,http://www.ordnancesurvey.co.uk/xml/codelists/localtype.xml#village,Craven,http://data.ordnancesurvey.co.uk/id/7000000000021698,http://data.ordnancesurvey.co.uk/ontology/admingeo/District,North Yorkshire,http://data.ordnancesurvey.co.uk/id/7000000000022028,http://data.ordnancesurvey.co.uk/ontology/admingeo/County,Yorkshire and the Humber,http://data.ordnancesurvey.co.uk/id/7000000000041430,England,http://data.ordnancesurvey.co.uk/id/country/england,,,
BD235NP,http://data.ordnancesurvey.co.uk/id/postcodeunit/BD235NP,BD23 5NP,,,,other,Postcode,399781,463648,3500,18000,,,,,,,,,,Craven,http://data.ordnancesurvey.co.uk/id/7000000000021698,http://data.ordnancesurvey.co.uk/ontology/admingeo/District,North Yorkshire,http://data.ordnancesurvey.co.uk/id/7000000000022028,http://data.ordnancesurvey.co.uk/ontology/admingeo/County,Yorkshire and the Humber,http://data.ordnancesurvey.co.uk/id/7000000000041430,England,http://data.ordnancesurvey.co.uk/id/country/england,,,
BD235HL,http://data.ordnancesurvey.co.uk/id/postcodeunit/BD235HL,BD23 5HL,,,,other,Postcode,399942,461594,3500,18000,,,,,,,,,,Craven,http://data.ordnancesurvey.co.uk/id/7000000000021698,http://data.ordnancesurvey.co.uk/ontology/admingeo/District,North Yorkshire,http://data.ordnancesurvey.co.uk/id/7000000000022028,http://data.ordnancesurvey.co.uk/ontology/admingeo/County,Yorkshire and the Humber,http://data.ordnancesurvey.co.uk/id/7000000000041430,England,http://data.ordnancesurvey.co.uk/id/country/england,,,
BD249AL,http://data.ordnancesurvey.co.uk/id/postcodeunit/BD249AL,BD24 9AL,,,,other,Postcode,381869,463397,3500,18000,,,,,,,Settle,http://data.ordnancesurvey.co.uk/id/4000000074565008,http://www.ordnancesurvey.co.uk/xml/codelists/localtype.xml#town,Craven,http://data.ordnancesurvey.co.uk/id/7000000000021698,http://data.ordnancesurvey.co.uk/ontology/admingeo/District,North Yorkshire,http://data.ordnancesurvey.co.uk/id/7000000000022028,http://data.ordnancesurvey.co.uk/ontology/admingeo/County,Yorkshire and the Humber,http://data.ordnancesurvey.co.uk/id/7000000000041430,England,http://data.ordnancesurvey.co.uk/id/country/england,,,
BD249JG,http://data.ordnancesurvey.co.uk/id/postcodeunit/BD249JG,BD24 9JG,,,,other,Postcode,381829,463946,3500,18000,,,,,,,Settle,http://data.ordnancesurvey.co.uk/id/4000000074565008,http://www.ordnancesurvey.co.uk/xml/codelists/localtype.xml#town,Craven,http://data.ordnancesurvey.co.uk/id/7000000000021698,http://data.ordnancesurvey.co.uk/ontology/admingeo/District,North Yorkshire,http://data.ordnancesurvey.co.uk/id/7000000000022028,http://data.ordnancesurvey.co.uk/ontology/admingeo/County,Yorkshire and the Humber,http://data.ordnancesurvey.co.uk/id/7000000000041430,England,http://data.ordnancesurvey.co.uk/id/country/england,,,
BD235ET,http://data.ordnancesurvey.co.uk/id/postcodeunit/BD235ET,BD23 5ET,,,,other,Postcode,399415,463848,3500,18000,,,,,,,Threshfield,http://data.ordnancesurvey.co.uk/id/4000000074564035,http://www.ordnancesurvey.co.uk/xml/codelists/localtype.xml#village,Craven,http://data.ordnancesurvey.co.uk/id/7000000000021698,http://data.ordnancesurvey.co.uk/ontology/admingeo/District,North Yorkshire,http://data.ordnancesurvey.co.uk/id/7000000000022028,http://data.ordnancesurvey.co.uk/ontology/admingeo/County,Yorkshire and the Humber,http://data.ordnancesurvey.co.uk/id/7000000000041430,England,http://data.ordnancesurvey.co.uk/id/country/england,,,
BD240DW,http://data.ordnancesurvey.co.uk/id/postcodeunit/BD240DW,BD24 0DW,,,,other,Postcode,381816,465959,3500,18000,,,,,,,,,,Craven,http://data.ordnancesurvey.co.uk/id/7000000000021698,http://data.ordnancesurvey.co.uk/ontology/admingeo/District,North Yorkshire,http://data.ordnancesurvey.co.uk/id/7000000000022028,http://data.ordnancesurvey.co.uk/ontology/admingeo/County,Yorkshire and the Humber,http://data.ordnancesurvey.co.uk/id/7000000000041430,England,http://data.ordnancesurvey.co.uk/id/country/england,,,
BD249FB,http://data.ordnancesurvey.co.uk/id/postcodeunit/BD249FB,BD24 9FB,,,,other,Postcode,381419,463862,3500,18000,,,,,,,Settle,http://data.ordnancesurvey.co.uk/id/4000000074565008,http://www.ordnancesurvey.co.uk/xml/codelists/localtype.xml#town,Craven,http://data.ordnancesurvey.co.uk/id/7000000000021698,http://data.ordnancesurvey.co.uk/ontology/admingeo/District,North Yorkshire,http://data.ordnancesurvey.co.uk/id/7000000000022028,http://data.ordnancesurvey.co.uk/ontology/admingeo/County,Yorkshire and the Humber,http://data.ordnancesurvey.co.uk/id/7000000000041430,England,http://data.ordnancesurvey.co.uk/id/country/england,,,
BD234BY,http://data.ordnancesurvey.co.uk/id/postcodeunit/BD234BY,BD23 4BY,,,,other,Postcode,389962,462032,3500,18000,,,,,,,,,,Craven,http://data.ordnancesurvey.co.uk/id/7000000000021698,http://data.ordnancesurvey.co.uk/ontology/admingeo/District,North Yorkshire,http://data.ordnancesurvey.co.uk/id/7000000000022028,http://data.ordnancesurvey.co.uk/ontology/admingeo/County,Yorkshire and the Humber,http://data.ordnancesurvey.co.uk/id/7000000000041430,England,http://data.ordnancesurvey.co.uk/id/country/england,,,
BD235PP,http://data.ordnancesurvey.co.uk/id/postcodeunit/BD235PP,BD23 5PP,,,,other,Postcode,398219,464923,3500,18000,,,,,,,,,,Craven,http://data.ordnancesurvey.co.uk/id/7000000000021698,http://data.ordnancesurvey.co.uk/ontology/admingeo/District,North Yorkshire,http://data.ordnancesurvey.co.uk/id/7000000000022028,http://data.ordnancesurvey.co.uk/ontology/admingeo/County,Yorkshire and the Humber,http://data.ordnancesurvey.co.uk/id/7000000000041430,England,http://data.ordnancesurvey.co.uk/id/country/england,,,
BD249NT,http://data.ordnancesurvey.co.uk/id/postcodeunit/BD249NT,BD24 9NT,,,,other,Postcode,382215,465792,3500,18000,,,,,,,Langcliffe,http://data.ordnancesurvey.co.uk/id/4000000074565009,http://www.ordnancesurvey.co.uk/xml/codelists/localtype.xml#village,Craven,http://data.ordnancesurvey.co.uk/id/7000000000021698,http://data.ordnancesurvey.co.uk/ontology/admingeo/District,North Yorkshire,http://data.ordnancesurvey.co.uk/id/7000000000022028,http://data.ordnancesurvey.co.uk/ontology/admingeo/County,Yorkshire and the Humber,http://data.ordnancesurvey.co.uk/id/7000000000041430,England,http://data.ordnancesurvey.co.uk/id/country/england,,,
BD249LL,http://data.ordnancesurvey.co.uk/id/postcodeunit/BD249LL,BD24 9LL,,,,other,Postcode,382136,463467,3500,18000,,,,,,,Settle,http://data.ordnancesurvey.co.uk/id/4000000074565008,http://www.ordnancesurvey.co.uk/xml/codelists/localtype.xml#town,Craven,http://data.ordnancesurvey.co.uk/id/7000000000021698,http://data.ordnancesurvey.co.uk/ontology/admingeo/District,North Yorkshire,http://data.ordnancesurvey.co.uk/id/7000000000022028,http://data.ordnancesurvey.co.uk/ontology/admingeo/County,Yorkshire and the Humber,http://data.ordnancesurvey.co.uk/id/7000000000041430,England,http://data.ordnancesurvey.co.uk/id/country/england,,,
BD240EG,http://data.ordnancesurvey.co.uk/id/postcodeunit/BD240EG,BD24 0EG,,,,other,Postcode,381101,463430,3500,18000,,,,,,,Giggleswick,http://data.ordnancesurvey.co.uk/id/4000000074565013,http://www.ordnancesurvey.co.uk/xml/codelists/localtype.xml#village,Craven,http://data.ordnancesurvey.co.uk/id/7000000000021698,http://data.ordnancesurvey.co.uk/ontology/admingeo/District,North Yorkshire,http://data.ordnancesurvey.co.uk/id/7000000000022028,http://data.ordnancesurvey.co.uk/ontology/admingeo/County,Yorkshire and the Humber,http://data.ordnancesurvey.co.uk/id/7000000000041430,England,http://data.ordnancesurvey.co.uk/id/country/england,,,
BD240DP,http://data.ordnancesurvey.co.uk/id/postcodeunit/BD240DP,BD24 0DP,,,,other,Postcode,381408,467241,3500,18000,,,,,,,Little Stainforth,http://data.ordnancesurvey.co.uk/id/4000000074565012,http://www.ordnancesurvey.co.uk/xml/codelists/localtype.xml#hamlet,Craven,http://data.ordnancesurvey.co.uk/id/7000000000021698,http://data.ordnancesurvey.co.uk/ontology/admingeo/District,North Yorkshire,http://data.ordnancesurvey.co.uk/id/7000000000022028,http://data.ordnancesurvey.co.uk/ontology/admingeo/County,Yorkshire and the Humber,http://data.ordnancesurvey.co.uk/id/7000000000041430,England,http://data.ordnancesurvey.co.uk/id/country/england,,,
BD235NJ,http://data.ordnancesurvey.co.uk/id/postcodeunit/BD235NJ,BD23 5NJ,,,,other,Postcode,399902,463987,3500,18000,,,,,,,Grassington,http://data.ordnancesurvey.co.uk/id/4000000074564363,http://www.ordnancesurvey.co.uk/xml/codelists/localtype.xml#village,Craven,http://data.ordnancesurvey.co.uk/id/7000000000021698,http://data.ordnancesurvey.co.uk/ontology/admingeo/District,North Yorkshire,http://data.ordnancesurvey.co.uk/id/7000000000022028,http://data.ordnancesurvey.co.uk/ontology/admingeo/County,Yorkshire and the Humber,http://data.ordnancesurvey.co.uk/id/7000000000041430,England,http://data.ordnancesurvey.co.uk/id/country/england,,,
BD235QE,http://data.ordnancesurvey.co.uk/id/postcodeunit/BD235QE,BD23 5QE,,,,other,Postcode,393092,471820,3500,18000,,,,,,,Arncliffe,http://data.ordnancesurvey.co.uk/id/4000000074564694,http://www.ordnancesurvey.co.uk/xml/codelists/localtype.xml#village,Craven,http://data.ordnancesurvey.co.uk/id/7000000000021698,http://data.ordnancesurvey.co.uk/ontology/admingeo/District,North Yorkshire,http://data.ordnancesurvey.co.uk/id/7000000000022028,http://data.ordnancesurvey.co.uk/ontology/admingeo/County,Yorkshire and the Humber,http://data.ordnancesurvey.co.uk/id/7000000000041430,England,http://data.ordnancesurvey.co.uk/id/country/england,,,
BD236LF,http://data.ordnancesurvey.co.uk/id/postcodeunit/BD236LF,BD23 6LF,,,,other,Postcode,397852,460035,3500,18000,,,,,,,Cracoe,http://data.ordnancesurvey.co.uk/id/4000000074567942,http://www.ordnancesurvey.co.uk/xml/codelists/localtype.xml#village,Craven,http://data.ordnancesurvey.co.uk/id/7000000000021698,http://data.ordnancesurvey.co.uk/ontology/admingeo/District,North Yorkshire,http://data.ordnancesurvey.co.uk/id/7000000000022028,http://data.ordnancesurvey.co.uk/ontology/admingeo/County,Yorkshire and the Humber,http://data.ordnancesurvey.co.uk/id/7000000000041430,England,http://data.ordnancesurvey.co.uk/id/country/england,,,
BD235ER,http://data.ordnancesurvey.co.uk/id/postcodeunit/BD235ER,BD23 5ER,,,,other,Postcode,399577,463813,3500,18000,,,,,,,Threshfield,http://data.ordnancesurvey.co.uk/id/4000000074564035,http://www.ordnancesurvey.co.uk/xml/codelists/localtype.xml#village,Craven,http://data.ordnancesurvey.co.uk/id/7000000000021698,http://data.ordnancesurvey.co.uk/ontology/admingeo/District,North Yorkshire,http://data.ordnancesurvey.co.uk/id/7000000000022028,http://data.ordnancesurvey.co.uk/ontology/admingeo/County,Yorkshire and the Humber,http://data.ordnancesurvey.co.uk/id/7000000000041430,England,http://data.ordnancesurvey.co.uk/id/country/england,,,
BD249EW,http://data.ordnancesurvey.co.uk/id/postcodeunit/BD249EW,BD24 9EW,,,,other,Postcode,381997,463629,3500,18000,,,,,,,Settle,http://data.ordnancesurvey.co.uk/id/4000000074565008,http://www.ordnancesurvey.co.uk/xml/codelists/localtype.xml#town,Craven,http://data.ordnancesurvey.co.uk/id/7000000000021698,http://data.ordnancesurvey.co.uk/ontology/admingeo/District,North Yorkshire,http://data.ordnancesurvey.co.uk/id/7000000000022028,http://data.ordnancesurvey.co.uk/ontology/admingeo/County,Yorkshire and the Humber,http://data.ordnancesurvey.co.uk/id/7000000000041430,England,http://data.ordnancesurvey.co.uk/id/country/england,,,
BD240AX,http://data.ordnancesurvey.co.uk/id/postcodeunit/BD240AX,BD24 0AX,,,,other,Postcode,381288,464283,3500,18000,,,,,,,Giggleswick,http://data.ordnancesurvey.co.uk/id/4000000074565013,http://www.ordnancesurvey.co.uk/xml/codelists/localtype.xml#village,Craven,http://data.ordnancesurvey.co.uk/id/7000000000021698,http://data.ordnancesurvey.co.uk/ontology/admingeo/District,North Yorkshire,http://data.ordnancesurvey.co.uk/id/7000000000022028,http://data.ordnancesurvey.co.uk/ontology/admingeo/County,Yorkshire and the Humber,http://data.ordnancesurvey.co.uk/id/7000000000041430,England,http://data.ordnancesurvey.co.uk/id/country/england,,,
BD234DJ,http://data.ordnancesurvey.co.uk/id/postcodeunit/BD234DJ,BD23 4DJ,,,,other,Postcode,389926,463113,3500,18000,,,,,,,Malham,http://data.ordnancesurvey.co.uk/id/4000000074564690,http://www.ordnancesurvey.co.uk/xml/codelists/localtype.xml#village,Craven,http://data.ordnancesurvey.co.uk/id/7000000000021698,http://data.ordnancesurvey.co.uk/ontology/admingeo/District,North Yorkshire,http://data.ordnancesurvey.co.uk/id/7000000000022028,http://data.ordnancesurvey.co.uk/ontology/admingeo/County,Yorkshire and the Humber,http://data.ordnancesurvey.co.uk/id/7000000000041430,England,http://data.ordnancesurvey.co.uk/id/country/england,,,
BD249DG,http://data.ordnancesurvey.co.uk/id/postcodeunit/BD249DG,BD24 9DG,,,,other,Postcode,381598,463865,3500,18000,,,,,,,Settle,http://data.ordnancesurvey.co.uk/id/4000000074565008,http://www.ordnancesurvey.co.uk/xml/codelists/localtype.xml#town,Craven,http://data.ordnancesurvey.co.uk/id/7000000000021698,http://data.ordnancesurvey.co.uk/ontology/admingeo/District,North Yorkshire,http://data.ordnancesurvey.co.uk/id/7000000000022028,http://data.ordnancesurvey.co.uk/ontology/admingeo/County,Yorkshire and the Humber,http://data.ordnancesurvey.co.uk/id/7000000000041430,England,http://data.ordnancesurvey.co.uk/id/country/england,,,
BD249JX,http://data.ordnancesurvey.co.uk/id/postcodeunit/BD249JX,BD24 9JX,,,,other,Postcode,382308,461875,3500,18000,,,,,,,,,,Craven,http://data.ordnancesurvey.co.uk/id/7000000000021698,http://data.ordnancesurvey.co.uk/ontology/admingeo/District,North Yorkshire,http://data.ordnancesurvey.co.uk/id/7000000000022028,http://data.ordnancesurvey.co.uk/ontology/admingeo/County,Yorkshire and the Humber,http://data.ordnancesurvey.co.uk/id/7000000000041430,England,http://data.ordnancesurvey.co.uk/id/country/england,,,
BD249HZ,http://data.ordnancesurvey.co.uk/id/postcodeunit/BD249HZ,BD24 9HZ,,,,other,Postcode,381970,463919,3500,18000,,,,,,,Settle,http://data.ordnancesurvey.co.uk/id/4000000074565008,http://www.ordnancesurvey.co.uk/xml/codelists/localtype.xml#town,Craven,http://data.ordnancesurvey.co.uk/id/7000000000021698,http://data.ordnancesurvey.co.uk/ontology/admingeo/District,North Yorkshire,http://data.ordnancesurvey.co.uk/id/7000000000022028,http://data.ordnancesurvey.co.uk/ontology/admingeo/County,Yorkshire and the Humber,http://data.ordnancesurvey.co.uk/id/7000000000041430,England,http://data.ordnancesurvey.co.uk/id/country/england,,,
BD240HJ,http://data.ordnancesurvey.co.uk/id/postcodeunit/BD240HJ,BD24 0HJ,,,,other,Postcode,380482,472597,3500,18000,,,,,,,Horton in Ribblesdale,http://data.ordnancesurvey.co.uk/id/4000000074565640,http://www.ordnancesurvey.co.uk/xml/codelists/localtype.xml#village,Craven,http://data.ordnancesurvey.co.uk/id/7000000000021698,http://data.ordnancesurvey.co.uk/ontology/admingeo/District,North Yorkshire,http://data.ordnancesurvey.co.uk/id/7000000000022028,http://data.ordnancesurvey.co.uk/ontology/admingeo/County,Yorkshire and the Humber,http://data.ordnancesurvey.co.uk/id/7000000000041430,England,http://data.ordnancesurvey.co.uk/id/country/england,,,
BD240BH,http://data.ordnancesurvey.co.uk/id/postcodeunit/BD240BH,BD24 0BH,,,,other,Postcode,381106,464070,3500,18000,,,,,,,Giggleswick,http://data.ordnancesurvey.co.uk/id/4000000074565013,http://www.ordnancesurvey.co.uk/xml/codelists/localtype.xml#village,Craven,http://data.ordnancesurvey.co.uk/id/7000000000021698,http://data.ordnancesurvey.co.uk/ontology/admingeo/District,North Yorkshire,http://data.ordnancesurvey.co.uk/id/7000000000022028,http://data.ordnancesurvey.co.uk/ontology/admingeo/County,Yorkshire and the Humber,http://data.ordnancesurvey.co.uk/id/7000000000041430,England,http://data.ordnancesurvey.co.uk/id/country/england,,,
BD249FF,http://data.ordnancesurvey.co.uk/id/postcodeunit/BD249FF,BD24 9FF,,,,other,Postcode,381801,463004,3500,18000,,,,,,,,,,Craven,http://data.ordnancesurvey.co.uk/id/7000000000021698,http://data.ordnancesurvey.co.uk/ontology/admingeo/District,North Yorkshire,http://data.ordnancesurvey.co.uk/id/7000000000022028,http://data.ordnancesurvey.co.uk/ontology/admingeo/County,Yorkshire and the Humber,http://data.ordnancesurvey.co.uk/id/7000000000041430,England,http://data.ordnancesurvey.co.uk/id/country/england,,,
BD249DY,http://data.ordnancesurvey.co.uk/id/postcodeunit/BD249DY,BD24 9DY,,,,other,Postcode,381850,463343,3500,18000,,,,,,,Settle,http://data.ordnancesurvey.co.uk/id/4000000074565008,http://www.ordnancesurvey.co.uk/xml/codelists/localtype.xml#town,Craven,http://data.ordnancesurvey.co.uk/id/7000000000021698,http://data.ordnancesurvey.co.uk/ontology/admingeo/District,North Yorkshire,http://data.ordnancesurvey.co.uk/id/7000000000022028,http://data.ordnancesurvey.co.uk/ontology/admingeo/County,Yorkshire and the Humber,http://data.ordnancesurvey.co.uk/id/7000000000041430,England,http://data.ordnancesurvey.co.uk/id/country/england,,,
BD249QB,http://data.ordnancesurvey.co.uk/id/postcodeunit/BD249QB,BD24 9QB,,,,other,Postcode,382098,467288,3500,18000,,,,,,,Stainforth,http://data.ordnancesurvey.co.uk/id/4000000074565011,http://www.ordnancesurvey.co.uk/xml/codelists/localtype.xml#village,Craven,http://data.ordnancesurvey.co.uk/id/7000000000021698,http://data.ordnancesurvey.co.uk/ontology/admingeo/District,North Yorkshire,http://data.ordnancesurvey.co.uk/id/7000000000022028,http://data.ordnancesurvey.co.uk/ontology/admingeo/County,Yorkshire and the Humber,http://data.ordnancesurvey.co.uk/id/7000000000041430,England,http://data.ordnancesurvey.co.uk/id/country/england,,,
BD235PW,http://data.ordnancesurvey.co.uk/id/postcodeunit/BD235PW,BD23 5PW,,,,other,Postcode,397416,467789,3500,18000,,,,,,,Kilnsey,http://data.ordnancesurvey.co.uk/id/4000000074564689,http://www.ordnancesurvey.co.uk/xml/codelists/localtype.xml#hamlet,Craven,http://data.ordnancesurvey.co.uk/id/7000000000021698,http://data.ordnancesurvey.co.uk/ontology/admingeo/District,North Yorkshire,http://data.ordnancesurvey.co.uk/id/7000000000022028,http://data.ordnancesurvey.co.uk/ontology/admingeo/County,Yorkshire and the Humber,http://data.ordnancesurvey.co.uk/id/7000000000041430,England,http://data.ordnancesurvey.co.uk/id/country/england,,,
BD240EW,http://data.ordnancesurvey.co.uk/id/postcodeunit/BD240EW,BD24 0EW,,,,other,Postcode,380405,470150,3500,18000,,,,,,,,,,Craven,http://data.ordnancesurvey.co.uk/id/7000000000021698,http://data.ordnancesurvey.co.uk/ontology/admingeo/District,North Yorkshire,http://data.ordnancesurvey.co.uk/id/7000000000022028,http://data.ordnancesurvey.co.uk/ontology/admingeo/County,Yorkshire and the Humber,http://data.ordnancesurvey.co.uk/id/7000000000041430,England,http://data.ordnancesurvey.co.uk/id/country/england,,,
BD249AP,http://data.ordnancesurvey.co.uk/id/postcodeunit/BD249AP,BD24 9AP,,,,other,Postcode,381825,463378,3500,18000,,,,,,,Settle,http://data.ordnancesurvey.co.uk/id/4000000074565008,http://www.ordnancesurvey.co.uk/xml/codelists/localtype.xml#town,Craven,http://data.ordnancesurvey.co.uk/id/7000000000021698,http://data.ordnancesurvey.co.uk/ontology/admingeo/District,North Yorkshire,http://data.ordnancesurvey.co.uk/id/7000000000022028,http://data.ordnancesurvey.co.uk/ontology/admingeo/County,Yorkshire and the Humber,http://data.ordnancesurvey.co.uk/id/7000000000041430,England,http://data.ordnancesurvey.co.uk/id/country/england,,,
BD235JE,http://data.ordnancesurvey.co.uk/id/postcodeunit/BD235JE,BD23 5JE,,,,other,Postcode,392692,478283,3500,18000,,,,,,,Hubberholme,http://data.ordnancesurvey.co.uk/id/4000000074568274,http://www.ordnancesurvey.co.uk/xml/codelists/localtype.xml#hamlet,Craven,http://data.ordnancesurvey.co.uk/id/7000000000021698,http://data.ordnancesurvey.co.uk/ontology/admingeo/District,North Yorkshire,http://data.ordnancesurvey.co.uk/id/7000000000022028,http://data.ordnancesurvey.co.uk/ontology/admingeo/County,Yorkshire and the Humber,http://data.ordnancesurvey.co.uk/id/7000000000041430,England,http://data.ordnancesurvey.co.uk/id/country/england,,,
BD235RS,http://data.ordnancesurvey.co.uk/id/postcodeunit/BD235RS,BD23 5RS,,,,other,Postcode,396932,472431,3500,18000,,,,,,,Kettlewell,http://data.ordnancesurvey.co.uk/id/4000000074564692,http://www.ordnancesurvey.co.uk/xml/codelists/localtype.xml#village,Craven,http://data.ordnancesurvey.co.uk/id/7000000000021698,http://data.ordnancesurvey.co.uk/ontology/admingeo/District,North Yorkshire,http://data.ordnancesurvey.co.uk/id/7000000000022028,http://data.ordnancesurvey.co.uk/ontology/admingeo/County,Yorkshire and the Humber,http://data.ordnancesurvey.co.uk/id/7000000000041430,England,http://data.ordnancesurvey.co.uk/id/country/england,,,
BD249NA,http://data.ordnancesurvey.co.uk/id/postcodeunit/BD249NA,BD24 9NA,,,,other,Postcode,382146,464975,3500,18000,,,,,,,Langcliffe,http://data.ordnancesurvey.co.uk/id/4000000074565009,http://www.ordnancesurvey.co.uk/xml/codelists/localtype.xml#village,Craven,http://data.ordnancesurvey.co.uk/id/7000000000021698,http://data.ordnancesurvey.co.uk/ontology/admingeo/District,North Yorkshire,http://data.ordnancesurvey.co.uk/id/7000000000022028,http://data.ordnancesurvey.co.uk/ontology/admingeo/County,Yorkshire and the Humber,http://data.ordnancesurvey.co.uk/id/7000000000041430,England,http://data.ordnancesurvey.co.uk/id/country/england,,,
BD249QD,http://data.ordnancesurvey.co.uk/id/postcodeunit/BD249QD,BD24 9QD,,,,other,Postcode,382036,467305,3500,18000,,,,,,,Stainforth,http://data.ordnancesurvey.co.uk/id/4000000074565011,http://www.ordnancesurvey.co.uk/xml/codelists/localtype.xml#village,Craven,http://data.ordnancesurvey.co.uk/id/7000000000021698,http://data.ordnancesurvey.co.uk/ontology/admingeo/District,North Yorkshire,http://data.ordnancesurvey.co.uk/id/7000000000022028,http://data.ordnancesurvey.co.uk/ontology/admingeo/County,Yorkshire and the Humber,http://data.ordnancesurvey.co.uk/id/7000000000041430,England,http://data.ordnancesurvey.co.uk/id/country/england,,,
BD236LD,http://data.ordnancesurvey.co.uk/id/postcodeunit/BD236LD,BD23 6LD,,,,other,Postcode,398565,460683,3500,18000,,,,,,,Threapland,http://data.ordnancesurvey.co.uk/id/4000000074332820,http://www.ordnancesurvey.co.uk/xml/codelists/localtype.xml#hamlet,Craven,http://data.ordnancesurvey.co.uk/id/7000000000021698,http://data.ordnancesurvey.co.uk/ontology/admingeo/District,North Yorkshire,http://data.ordnancesurvey.co.uk/id/7000000000022028,http://data.ordnancesurvey.co.uk/ontology/admingeo/County,Yorkshire and the Humber,http://data.ordnancesurvey.co.uk/id/7000000000041430,England,http://data.ordnancesurvey.co.uk/id/country/england,,,
BD249AH,http://data.ordnancesurvey.co.uk/id/postcodeunit/BD249AH,BD24 9AH,,,,other,Postcode,381759,463237,3500,18000,,,,,,,Settle,http://data.ordnancesurvey.co.uk/id/4000000074565008,http://www.ordnancesurvey.co.uk/xml/codelists/localtype.xml#town,Craven,http://data.ordnancesurvey.co.uk/id/7000000000021698,http://data.ordnancesurvey.co.uk/ontology/admingeo/District,North Yorkshire,http://data.ordnancesurvey.co.uk/id/7000000000022028,http://data.ordnancesurvey.co.uk/ontology/admingeo/County,Yorkshire and the Humber,http://data.ordnancesurvey.co.uk/id/7000000000041430,England,http://data.ordnancesurvey.co.uk/id/country/england,,,
BD240BW,http://data.ordnancesurvey.co.uk/id/postcodeunit/BD240BW,BD24 0BW,,,,other,Postcode,381075,463716,3500,18000,,,,,,,Giggleswick,http://data.ordnancesurvey.co.uk/id/4000000074565013,http://www.ordnancesurvey.co.uk/xml/codelists/localtype.xml#village,Craven,http://data.ordnancesurvey.co.uk/id/7000000000021698,http://data.ordnancesurvey.co.uk/ontology/admingeo/District,North Yorkshire,http://data.ordnancesurvey.co.uk/id/7000000000022028,http://data.ordnancesurvey.co.uk/ontology/admingeo/County,Yorkshire and the Humber,http://data.ordnancesurvey.co.uk/id/7000000000041430,England,http://data.ordnancesurvey.co.uk/id/country/england,,,
BD236LB,http://data.ordnancesurvey.co.uk/id/postcodeunit/BD236LB,BD23 6LB,,,,other,Postcode,397805,460165,3500,18000,,,,,,,Cracoe,http://data.ordnancesurvey.co.uk/id/4000000074567942,http://www.ordnancesurvey.co.uk/xml/codelists/localtype.xml#village,Craven,http://data.ordnancesurvey.co.uk/id/7000000000021698,http://data.ordnancesurvey.co.uk/ontology/admingeo/District,North Yorkshire,http://data.ordnancesurvey.co.uk/id/7000000000022028,http://data.ordnancesurvey.co.uk/ontology/admingeo/County,Yorkshire and the Humber,http://data.ordnancesurvey.co.uk/id/7000000000041430,England,http://data.ordnancesurvey.co.uk/id/country/england,,,
BD240AP,http://data.ordnancesurvey.co.uk/id/postcodeunit/BD240AP,BD24 0AP,,,,other,Postcode,381283,463938,3500,18000,,,,,,,Giggleswick,http://data.ordnancesurvey.co.uk/id/4000000074565013,http://www.ordnancesurvey.co.uk/xml/codelists/localtype.xml#village,Craven,http://data.ordnancesurvey.co.uk/id/7000000000021698,http://data.ordnancesurvey.co.uk/ontology/admingeo/District,North Yorkshire,http://data.ordnancesurvey.co.uk/id/7000000000022028,http://data.ordnancesurvey.co.uk/ontology/admingeo/County,Yorkshire and the Humber,http://data.ordnancesurvey.co.uk/id/7000000000041430,England,http://data.ordnancesurvey.co.uk/id/country/england,,,
BD235QP,http://data.ordnancesurvey.co.uk/id/postcodeunit/BD235QP,BD23 5QP,,,,other,Postcode,386968,476744,3500,18000,,,,,,,Foxup,http://data.ordnancesurvey.co.uk/id/4000000074563399,http://www.ordnancesurvey.co.uk/xml/codelists/localtype.xml#hamlet,Craven,http://data.ordnancesurvey.co.uk/id/7000000000021698,http://data.ordnancesurvey.co.uk/ontology/admingeo/District,North Yorkshire,http://data.ordnancesurvey.co.uk/id/7000000000022028,http://data.ordnancesurvey.co.uk/ontology/admingeo/County,Yorkshire and the Humber,http://data.ordnancesurvey.co.uk/id/7000000000041430,England,http://data.ordnancesurvey.co.uk/id/country/england,,,
BD240AD,http://data.ordnancesurvey.co.uk/id/postcodeunit/BD240AD,BD24 0AD,,,,other,Postcode,381132,463279,3500,18000,,,,,,,Giggleswick,http://data.ordnancesurvey.co.uk/id/4000000074565013,http://www.ordnancesurvey.co.uk/xml/codelists/localtype.xml#village,Craven,http://data.ordnancesurvey.co.uk/id/7000000000021698,http://data.ordnancesurvey.co.uk/ontology/admingeo/District,North Yorkshire,http://data.ordnancesurvey.co.uk/id/7000000000022028,http://data.ordnancesurvey.co.uk/ontology/admingeo/County,Yorkshire and the Humber,http://data.ordnancesurvey.co.uk/id/7000000000041430,England,http://data.ordnancesurvey.co.uk/id/country/england,,,
BD249JP,http://data.ordnancesurvey.co.uk/id/postcodeunit/BD249JP,BD24 9JP,,,,other,Postcode,381858,464070,3500,18000,,,,,,,Settle,http://data.ordnancesurvey.co.uk/id/4000000074565008,http://www.ordnancesurvey.co.uk/xml/codelists/localtype.xml#town,Craven,http://data.ordnancesurvey.co.uk/id/7000000000021698,http://data.ordnancesurvey.co.uk/ontology/admingeo/District,North Yorkshire,http://data.ordnancesurvey.co.uk/id/7000000000022028,http://data.ordnancesurvey.co.uk/ontology/admingeo/County,Yorkshire and the Humber,http://data.ordnancesurvey.co.uk/id/7000000000041430,England,http://data.ordnancesurvey.co.uk/id/country/england,,,
BD240HL,http://data.ordnancesurvey.co.uk/id/postcodeunit/BD240HL,BD24 0HL,,,,other,Postcode,380436,472639,3500,18000,,,,,,,Horton in Ribblesdale,http://data.ordnancesurvey.co.uk/id/4000000074565640,http://www.ordnancesurvey.co.uk/xml/codelists/localtype.xml#village,Craven,http://data.ordnancesurvey.co.uk/id/7000000000021698,http://data.ordnancesurvey.co.uk/ontology/admingeo/District,North Yorkshire,http://data.ordnancesurvey.co.uk/id/7000000000022028,http://data.ordnancesurvey.co.uk/ontology/admingeo/County,Yorkshire and the Humber,http://data.ordnancesurvey.co.uk/id/7000000000041430,England,http://data.ordnancesurvey.co.uk/id/country/england,,,
BD249FJ,http://data.ordnancesurvey.co.uk/id/postcodeunit/BD249FJ,BD24 9FJ,,,,other,Postcode,381774,463463,3500,18000,,,,,,,Settle,http://data.ordnancesurvey.co.uk/id/4000000074565008,http://www.ordnancesurvey.co.uk/xml/codelists/localtype.xml#town,Craven,http://data.ordnancesurvey.co.uk/id/7000000000021698,http://data.ordnancesurvey.co.uk/ontology/admingeo/District,North Yorkshire,http://data.ordnancesurvey.co.uk/id/7000000000022028,http://data.ordnancesurvey.co.uk/ontology/admingeo/County,Yorkshire and the Humber,http://data.ordnancesurvey.co.uk/id/7000000000041430,England,http://data.ordnancesurvey.co.uk/id/country/england,,,
BD249LD,http://data.ordnancesurvey.co.uk/id/postcodeunit/BD249LD,BD24 9LD,,,,other,Postcode,385482,463866,3500,18000,,,,,,,,,,Craven,http://data.ordnancesurvey.co.uk/id/7000000000021698,http://data.ordnancesurvey.co.uk/ontology/admingeo/District,North Yorkshire,http://data.ordnancesurvey.co.uk/id/7000000000022028,http://data.ordnancesurvey.co.uk/ontology/admingeo/County,Yorkshire and the Humber,http://data.ordnancesurvey.co.uk/id/7000000000041430,England,http://data.ordnancesurvey.co.uk/id/country/england,,,
BD249DL,http://data.ordnancesurvey.co.uk/id/postcodeunit/BD249DL,BD24 9DL,,,,other,Postcode,381634,463221,3500,18000,,,,,,,Settle,http://data.ordnancesurvey.co.uk/id/4000000074565008,http://www.ordnancesurvey.co.uk/xml/codelists/localtype.xml#town,Craven,http://data.ordnancesurvey.co.uk/id/7000000000021698,http://data.ordnancesurvey.co.uk/ontology/admingeo/District,North Yorkshire,http://data.ordnancesurvey.co.uk/id/7000000000022028,http://data.ordnancesurvey.co.uk/ontology/admingeo/County,Yorkshire and the Humber,http://data.ordnancesurvey.co.uk/id/7000000000041430,England,http://data.ordnancesurvey.co.uk/id/country/england,,,
BD249RT,http://data.ordnancesurvey.co.uk/id/postcodeunit/BD249RT,BD24 9RT,,,,other,Postcode,381968,463945,3500,18000,,,,,,,Settle,http://data.ordnancesurvey.co.uk/id/4000000074565008,http://www.ordnancesurvey.co.uk/xml/codelists/localtype.xml#town,Craven,http://data.ordnancesurvey.co.uk/id/7000000000021698,http://data.ordnancesurvey.co.uk/ontology/admingeo/District,North Yorkshire,http://data.ordnancesurvey.co.uk/id/7000000000022028,http://data.ordnancesurvey.co.uk/ontology/admingeo/County,Yorkshire and the Humber,http://data.ordnancesurvey.co.uk/id/7000000000041430,England,http://data.ordnancesurvey.co.uk/id/country/england,,,
BD249JZ,http://data.ordnancesurvey.co.uk/id/postcodeunit/BD249JZ,BD24 9JZ,,,,other,Postcode,382446,463237,3500,18000,,,,,,,Settle,http://data.ordnancesurvey.co.uk/id/4000000074565008,http://www.ordnancesurvey.co.uk/xml/codelists/localtype.xml#town,Craven,http://data.ordnancesurvey.co.uk/id/7000000000021698,http://data.ordnancesurvey.co.uk/ontology/admingeo/District,North Yorkshire,http://data.ordnancesurvey.co.uk/id/7000000000022028,http://data.ordnancesurvey.co.uk/ontology/admingeo/County,Yorkshire and the Humber,http://data.ordnancesurvey.co.uk/id/7000000000041430,England,http://data.ordnancesurvey.co.uk/id/country/england,,,
BD234BN,http://data.ordnancesurvey.co.uk/id/postcodeunit/BD234BN,BD23 4BN,,,,other,Postcode,389916,461672,3500,18000,,,,,,,,,,Craven,http://data.ordnancesurvey.co.uk/id/7000000000021698,http://data.ordnancesurvey.co.uk/ontology/admingeo/District,North Yorkshire,http://data.ordnancesurvey.co.uk/id/7000000000022028,http://data.ordnancesurvey.co.uk/ontology/admingeo/County,Yorkshire and the Humber,http://data.ordnancesurvey.co.uk/id/7000000000041430,England,http://data.ordnancesurvey.co.uk/id/country/england,,,
BD235NE,http://data.ordnancesurvey.co.uk/id/postcodeunit/BD235NE,BD23 5NE,,,,other,Postcode,399786,464547,3500,18000,,,,,,,Grassington,http://data.ordnancesurvey.co.uk/id/4000000074564363,http://www.ordnancesurvey.co.uk/xml/codelists/localtype.xml#village,Craven,http://data.ordnancesurvey.co.uk/id/7000000000021698,http://data.ordnancesurvey.co.uk/ontology/admingeo/District,North Yorkshire,http://data.ordnancesurvey.co.uk/id/7000000000022028,http://data.ordnancesurvey.co.uk/ontology/admingeo/County,Yorkshire and the Humber,http://data.ordnancesurvey.co.uk/id/7000000000041430,England,http://data.ordnancesurvey.co.uk/id/country/england,,,
BD249FL,http://data.ordnancesurvey.co.uk/id/postcodeunit/BD249FL,BD24 9FL,,,,other,Postcode,381574,462902,3500,18000,,,,,,,Settle,http://data.ordnancesurvey.co.uk/id/4000000074565008,http://www.ordnancesurvey.co.uk/xml/codelists/localtype.xml#town,Craven,http://data.ordnancesurvey.co.uk/id/7000000000021698,http://data.ordnancesurvey.co.uk/ontology/admingeo/District,North Yorkshire,http://data.ordnancesurvey.co.uk/id/7000000000022028,http://data.ordnancesurvey.co.uk/ontology/admingeo/County,Yorkshire and the Humber,http://data.ordnancesurvey.co.uk/id/7000000000041430,England,http://data.ordnancesurvey.co.uk/id/country/england,,,
BD240EX,http://data.ordnancesurvey.co.uk/id/postcodeunit/BD240EX,BD24 0EX,,,,other,Postcode,381144,472187,3500,18000,,,,,,,Horton in Ribblesdale,http://data.ordnancesurvey.co.uk/id/4000000074565640,http://www.ordnancesurvey.co.uk/xml/codelists/localtype.xml#village,Craven,http://data.ordnancesurvey.co.uk/id/7000000000021698,http://data.ordnancesurvey.co.uk/ontology/admingeo/District,North Yorkshire,http://data.ordnancesurvey.co.uk/id/7000000000022028,http://data.ordnancesurvey.co.uk/ontology/admingeo/County,Yorkshire and the Humber,http://data.ordnancesurvey.co.uk/id/7000000000041430,England,http://data.ordnancesurvey.co.uk/id/country/england,,,
BD240ET,http://data.ordnancesurvey.co.uk/id/postcodeunit/BD240ET,BD24 0ET,,,,other,Postcode,382054,471217,3500,18000,,,,,,,,,,Craven,http://data.ordnancesurvey.co.uk/id/7000000000021698,http://data.ordnancesurvey.co.uk/ontology/admingeo/District,North Yorkshire,http://data.ordnancesurvey.co.uk/id/7000000000022028,http://data.ordnancesurvey.co.uk/ontology/admingeo/County,Yorkshire and the Humber,http://data.ordnancesurvey.co.uk/id/7000000000041430,England,http://data.ordnancesurvey.co.uk/id/country/england,,,
BD235NR,http://data.ordnancesurvey.co.uk/id/postcodeunit/BD235NR,BD23 5NR,,,,other,Postcode,398648,462600,3500,18000,,,,,,,,,,Craven,http://data.ordnancesurvey.co.uk/id/7000000000021698,http://data.ordnancesurvey.co.uk/ontology/admingeo/District,North Yorkshire,http://data.ordnancesurvey.co.uk/id/7000000000022028,http://data.ordnancesurvey.co.uk/ontology/admingeo/County,Yorkshire and the Humber,http://data.ordnancesurvey.co.uk/id/7000000000041430,England,http://data.ordnancesurvey.co.uk/id/country/england,,,
BD235HG,http://data.ordnancesurvey.co.uk/id/postcodeunit/BD235HG,BD23 5HG,,,,other,Postcode,399105,463671,3500,18000,,,,,,,Threshfield,http://data.ordnancesurvey.co.uk/id/4000000074564035,http://www.ordnancesurvey.co.uk/xml/codelists/localtype.xml#village,Craven,http://data.ordnancesurvey.co.uk/id/7000000000021698,http://data.ordnancesurvey.co.uk/ontology/admingeo/District,North Yorkshire,http://data.ordnancesurvey.co.uk/id/7000000000022028,http://data.ordnancesurvey.co.uk/ontology/admingeo/County,Yorkshire and the Humber,http://data.ordnancesurvey.co.uk/id/7000000000041430,England,http://data.ordnancesurvey.co.uk/id/country/england,,,
BD249BH,http://data.ordnancesurvey.co.uk/id/postcodeunit/BD249BH,BD24 9BH,,,,other,Postcode,381574,463224,3500,18000,,,,,,,Settle,http://data.ordnancesurvey.co.uk/id/4000000074565008,http://www.ordnancesurvey.co.uk/xml/codelists/localtype.xml#town,Craven,http://data.ordnancesurvey.co.uk/id/7000000000021698,http://data.ordnancesurvey.co.uk/ontology/admingeo/District,North Yorkshire,http://data.ordnancesurvey.co.uk/id/7000000000022028,http://data.ordnancesurvey.co.uk/ontology/admingeo/County,Yorkshire and the Humber,http://data.ordnancesurvey.co.uk/id/7000000000041430,England,http://data.ordnancesurvey.co.uk/id/country/england,,,
BD235HQ,http://data.ordnancesurvey.co.uk/id/postcodeunit/BD235HQ,BD23 5HQ,,,,other,Postcode,399723,462879,3500,18000,,,,,,,Linton,http://data.ordnancesurvey.co.uk/id/4000000074564034,http://www.ordnancesurvey.co.uk/xml/codelists/localtype.xml#village,Craven,http://data.ordnancesurvey.co.uk/id/7000000000021698,http://data.ordnancesurvey.co.uk/ontology/admingeo/District,North Yorkshire,http://data.ordnancesurvey.co.uk/id/7000000000022028,http://data.ordnancesurvey.co.uk/ontology/admingeo/County,Yorkshire and the Humber,http://data.ordnancesurvey.co.uk/id/7000000000041430,England,http://data.ordnancesurvey.co.uk/id/country/england,,,
BD235HH,http://data.ordnancesurvey.co.uk/id/postcodeunit/BD235HH,BD23 5HH,,,,other,Postcode,399792,462698,3500,18000,,,,,,,Linton,http://data.ordnancesurvey.co.uk/id/4000000074564034,http://www.ordnancesurvey.co.uk/xml/codelists/localtype.xml#village,Craven,http://data.ordnancesurvey.co.uk/id/7000000000021698,http://data.ordnancesurvey.co.uk/ontology/admingeo/District,North Yorkshire,http://data.ordnancesurvey.co.uk/id/7000000000022028,http://data.ordnancesurvey.co.uk/ontology/admingeo/County,Yorkshire and the Humber,http://data.ordnancesurvey.co.uk/id/7000000000041430,England,http://data.ordnancesurvey.co.uk/id/country/england,,,
BD240HH,http://data.ordnancesurvey.co.uk/id/postcodeunit/BD240HH,BD24 0HH,,,,other,Postcode,380526,472612,3500,18000,,,,,,,Horton in Ribblesdale,http://data.ordnancesurvey.co.uk/id/4000000074565640,http://www.ordnancesurvey.co.uk/xml/codelists/localtype.xml#village,Craven,http://data.ordnancesurvey.co.uk/id/7000000000021698,http://data.ordnancesurvey.co.uk/ontology/admingeo/District,North Yorkshire,http://data.ordnancesurvey.co.uk/id/7000000000022028,http://data.ordnancesurvey.co.uk/ontology/admingeo/County,Yorkshire and the Humber,http://data.ordnancesurvey.co.uk/id/7000000000041430,England,http://data.ordnancesurvey.co.uk/id/country/england,,,
BD240JE,http://data.ordnancesurvey.co.uk/id/postcodeunit/BD240JE,BD24 0JE,,,,other,Postcode,380607,473592,3500,18000,,,,,,,New Houses,http://data.ordnancesurvey.co.uk/id/4000000074565641,http://www.ordnancesurvey.co.uk/xml/codelists/localtype.xml#hamlet,Craven,http://data.ordnancesurvey.co.uk/id/7000000000021698,http://data.ordnancesurvey.co.uk/ontology/admingeo/District,North Yorkshire,http://data.ordnancesurvey.co.uk/id/7000000000022028,http://data.ordnancesurvey.co.uk/ontology/admingeo/County,Yorkshire and the Humber,http://data.ordnancesurvey.co.uk/id/7000000000041430,England,http://data.ordnancesurvey.co.uk/id/country/england,,,
BD249EB,http://data.ordnancesurvey.co.uk/id/postcodeunit/BD249EB,BD24 9EB,,,,other,Postcode,381903,463678,3500,18000,,,,,,,Settle,http://data.ordnancesurvey.co.uk/id/4000000074565008,http://www.ordnancesurvey.co.uk/xml/codelists/localtype.xml#town,Craven,http://data.ordnancesurvey.co.uk/id/7000000000021698,http://data.ordnancesurvey.co.uk/ontology/admingeo/District,North Yorkshire,http://data.ordnancesurvey.co.uk/id/7000000000022028,http://data.ordnancesurvey.co.uk/ontology/admingeo/County,Yorkshire and the Humber,http://data.ordnancesurvey.co.uk/id/7000000000041430,England,http://data.ordnancesurvey.co.uk/id/country/england,,,
BD245AL,http://data.ordnancesurvey.co.uk/id/postcodeunit/BD245AL,BD24 5AL,,,,other,Postcode,381634,463221,3500,18000,,,,,,,Settle,http://data.ordnancesurvey.co.uk/id/4000000074565008,http://www.ordnancesurvey.co.uk/xml/codelists/localtype.xml#town,Craven,http://data.ordnancesurvey.co.uk/id/7000000000021698,http://data.ordnancesurvey.co.uk/ontology/admingeo/District,North Yorkshire,http://data.ordnancesurvey.co.uk/id/7000000000022028,http://data.ordnancesurvey.co.uk/ontology/admingeo/County,Yorkshire and the Humber,http://data.ordnancesurvey.co.uk/id/7000000000041430,England,http://data.ordnancesurvey.co.uk/id/country/england,,,
BD240HN,http://data.ordnancesurvey.co.uk/id/postcodeunit/BD240HN,BD24 0HN,,,,other,Postcode,380451,472528,3500,18000,,,,,,,Horton in Ribblesdale,http://data.ordnancesurvey.co.uk/id/4000000074565640,http://www.ordnancesurvey.co.uk/xml/codelists/localtype.xml#village,Craven,http://data.ordnancesurvey.co.uk/id/7000000000021698,http://data.ordnancesurvey.co.uk/ontology/admingeo/District,North Yorkshire,http://data.ordnancesurvey.co.uk/id/7000000000022028,http://data.ordnancesurvey.co.uk/ontology/admingeo/County,Yorkshire and the Humber,http://data.ordnancesurvey.co.uk/id/7000000000041430,England,http://data.ordnancesurvey.co.uk/id/country/england,,,
BD249PH,http://data.ordnancesurvey.co.uk/id/postcodeunit/BD249PH,BD24 9PH,,,,other,Postcode,382109,467438,3500,18000,,,,,,,Stainforth,http://data.ordnancesurvey.co.uk/id/4000000074565011,http://www.ordnancesurvey.co.uk/xml/codelists/localtype.xml#village,Craven,http://data.ordnancesurvey.co.uk/id/7000000000021698,http://data.ordnancesurvey.co.uk/ontology/admingeo/District,North Yorkshire,http://data.ordnancesurvey.co.uk/id/7000000000022028,http://data.ordnancesurvey.co.uk/ontology/admingeo/County,Yorkshire and the Humber,http://data.ordnancesurvey.co.uk/id/7000000000041430,England,http://data.ordnancesurvey.co.uk/id/country/england,,,
BD249NW,http://data.ordnancesurvey.co.uk/id/postcodeunit/BD249NW,BD24 9NW,,,,other,Postcode,381735,465389,3500,18000,,,,,,,Langcliffe,http://data.ordnancesurvey.co.uk/id/4000000074565009,http://www.ordnancesurvey.co.uk/xml/codelists/localtype.xml#village,Craven,http://data.ordnancesurvey.co.uk/id/7000000000021698,http://data.ordnancesurvey.co.uk/ontology/admingeo/District,North Yorkshire,http://data.ordnancesurvey.co.uk/id/7000000000022028,http://data.ordnancesurvey.co.uk/ontology/admingeo/County,Yorkshire and the Humber,http://data.ordnancesurvey.co.uk/id/7000000000041430,England,http://data.ordnancesurvey.co.uk/id/country/england,,,
BD249JQ,http://data.ordnancesurvey.co.uk/id/postcodeunit/BD249JQ,BD24 9JQ,,,,other,Postcode,381805,463968,3500,18000,,,,,,,Settle,http://data.ordnancesurvey.co.uk/id/4000000074565008,http://www.ordnancesurvey.co.uk/xml/codelists/localtype.xml#town,Craven,http://data.ordnancesurvey.co.uk/id/7000000000021698,http://data.ordnancesurvey.co.uk/ontology/admingeo/District,North Yorkshire,http://data.ordnancesurvey.co.uk/id/7000000000022028,http://data.ordnancesurvey.co.uk/ontology/admingeo/County,Yorkshire and the Humber,http://data.ordnancesurvey.co.uk/id/7000000000041430,England,http://data.ordnancesurvey.co.uk/id/country/england,,,
BD235JQ,http://data.ordnancesurvey.co.uk/id/postcodeunit/BD235JQ,BD23 5JQ,,,,other,Postcode,390614,478624,3500,18000,,,,,,,,,,Craven,http://data.ordnancesurvey.co.uk/id/7000000000021698,http://data.ordnancesurvey.co.uk/ontology/admingeo/District,North Yorkshire,http://data.ordnancesurvey.co.uk/id/7000000000022028,http://data.ordnancesurvey.co.uk/ontology/admingeo/County,Yorkshire and the Humber,http://data.ordnancesurvey.co.uk/id/7000000000041430,England,http://data.ordnancesurvey.co.uk/id/country/england,,,
BD249RS,http://data.ordnancesurvey.co.uk/id/postcodeunit/BD249RS,BD24 9RS,,,,other,Postcode,382131,463311,3500,18000,,,,,,,Settle,http://data.ordnancesurvey.co.uk/id/4000000074565008,http://www.ordnancesurvey.co.uk/xml/codelists/localtype.xml#town,Craven,http://data.ordnancesurvey.co.uk/id/7000000000021698,http://data.ordnancesurvey.co.uk/ontology/admingeo/District,North Yorkshire,http://data.ordnancesurvey.co.uk/id/7000000000022028,http://data.ordnancesurvey.co.uk/ontology/admingeo/County,Yorkshire and the Humber,http://data.ordnancesurvey.co.uk/id/7000000000041430,England,http://data.ordnancesurvey.co.uk/id/country/england,,,
BD240EQ,http://data.ordnancesurvey.co.uk/id/postcodeunit/BD240EQ,BD24 0EQ,,,,other,Postcode,381057,463757,3500,18000,,,,,,,Giggleswick,http://data.ordnancesurvey.co.uk/id/4000000074565013,http://www.ordnancesurvey.co.uk/xml/codelists/localtype.xml#village,Craven,http://data.ordnancesurvey.co.uk/id/7000000000021698,http://data.ordnancesurvey.co.uk/ontology/admingeo/District,North Yorkshire,http://data.ordnancesurvey.co.uk/id/7000000000022028,http://data.ordnancesurvey.co.uk/ontology/admingeo/County,Yorkshire and the Humber,http://data.ordnancesurvey.co.uk/id/7000000000041430,England,http://data.ordnancesurvey.co.uk/id/country/england,,,
BD249AZ,http://data.ordnancesurvey.co.uk/id/postcodeunit/BD249AZ,BD24 9AZ,,,,other,Postcode,381856,463199,3500,18000,,,,,,,Settle,http://data.ordnancesurvey.co.uk/id/4000000074565008,http://www.ordnancesurvey.co.uk/xml/codelists/localtype.xml#town,Craven,http://data.ordnancesurvey.co.uk/id/7000000000021698,http://data.ordnancesurvey.co.uk/ontology/admingeo/District,North Yorkshire,http://data.ordnancesurvey.co.uk/id/7000000000022028,http://data.ordnancesurvey.co.uk/ontology/admingeo/County,Yorkshire and the Humber,http://data.ordnancesurvey.co.uk/id/7000000000041430,England,http://data.ordnancesurvey.co.uk/id/country/england,,,
BD240FF,http://data.ordnancesurvey.co.uk/id/postcodeunit/BD240FF,BD24 0FF,,,,other,Postcode,380891,463290,3500,18000,,,,,,,Giggleswick,http://data.ordnancesurvey.co.uk/id/4000000074565013,http://www.ordnancesurvey.co.uk/xml/codelists/localtype.xml#village,Craven,http://data.ordnancesurvey.co.uk/id/7000000000021698,http://data.ordnancesurvey.co.uk/ontology/admingeo/District,North Yorkshire,http://data.ordnancesurvey.co.uk/id/7000000000022028,http://data.ordnancesurvey.co.uk/ontology/admingeo/County,Yorkshire and the Humber,http://data.ordnancesurvey.co.uk/id/7000000000041430,England,http://data.ordnancesurvey.co.uk/id/country/england,,,
BD235QJ,http://data.ordnancesurvey.co.uk/id/postcodeunit/BD235QJ,BD23 5QJ,,,,other,Postcode,390559,474142,3500,18000,,,,,,,Litton,http://data.ordnancesurvey.co.uk/id/4000000074564695,http://www.ordnancesurvey.co.uk/xml/codelists/localtype.xml#hamlet,Craven,http://data.ordnancesurvey.co.uk/id/7000000000021698,http://data.ordnancesurvey.co.uk/ontology/admingeo/District,North Yorkshire,http://data.ordnancesurvey.co.uk/id/7000000000022028,http://data.ordnancesurvey.co.uk/ontology/admingeo/County,Yorkshire and the Humber,http://data.ordnancesurvey.co.uk/id/7000000000041430,England,http://data.ordnancesurvey.co.uk/id/country/england,,,
BD240FD,http://data.ordnancesurvey.co.uk/id/postcodeunit/BD240FD,BD24 0FD,,,,other,Postcode,381049,463809,3500,18000,,,,,,,Giggleswick,http://data.ordnancesurvey.co.uk/id/4000000074565013,http://www.ordnancesurvey.co.uk/xml/codelists/localtype.xml#village,Craven,http://data.ordnancesurvey.co.uk/id/7000000000021698,http://data.ordnancesurvey.co.uk/ontology/admingeo/District,North Yorkshire,http://data.ordnancesurvey.co.uk/id/7000000000022028,http://data.ordnancesurvey.co.uk/ontology/admingeo/County,Yorkshire and the Humber,http://data.ordnancesurvey.co.uk/id/7000000000041430,England,http://data.ordnancesurvey.co.uk/id/country/england,,,
BD249JT,http://data.ordnancesurvey.co.uk/id/postcodeunit/BD249JT,BD24 9JT,,,,other,Postcode,381925,464175,3500,18000,,,,,,,Settle,http://data.ordnancesurvey.co.uk/id/4000000074565008,http://www.ordnancesurvey.co.uk/xml/codelists/localtype.xml#town,Craven,http://data.ordnancesurvey.co.uk/id/7000000000021698,http://data.ordnancesurvey.co.uk/ontology/admingeo/District,North Yorkshire,http://data.ordnancesurvey.co.uk/id/7000000000022028,http://data.ordnancesurvey.co.uk/ontology/admingeo/County,Yorkshire and the Humber,http://data.ordnancesurvey.co.uk/id/7000000000041430,England,http://data.ordnancesurvey.co.uk/id/country/england,,,
BD235EZ,http://data.ordnancesurvey.co.uk/id/postcodeunit/BD235EZ,BD23 5EZ,,,,other,Postcode,398925,463662,3500,18000,,,,,,,Threshfield,http://data.ordnancesurvey.co.uk/id/4000000074564035,http://www.ordnancesurvey.co.uk/xml/codelists/localtype.xml#village,Craven,http://data.ordnancesurvey.co.uk/id/7000000000021698,http://data.ordnancesurvey.co.uk/ontology/admingeo/District,North Yorkshire,http://data.ordnancesurvey.co.uk/id/7000000000022028,http://data.ordnancesurvey.co.uk/ontology/admingeo/County,Yorkshire and the Humber,http://data.ordnancesurvey.co.uk/id/7000000000041430,England,http://data.ordnancesurvey.co.uk/id/country/england,,,
BD235QD,http://data.ordnancesurvey.co.uk/id/postcodeunit/BD235QD,BD23 5QD,,,,other,Postcode,393253,471776,3500,18000,,,,,,,Arncliffe,http://data.ordnancesurvey.co.uk/id/4000000074564694,http://www.ordnancesurvey.co.uk/xml/codelists/localtype.xml#village,Craven,http://data.ordnancesurvey.co.uk/id/7000000000021698,http://data.ordnancesurvey.co.uk/ontology/admingeo/District,North Yorkshire,http://data.ordnancesurvey.co.uk/id/7000000000022028,http://data.ordnancesurvey.co.uk/ontology/admingeo/County,Yorkshire and the Humber,http://data.ordnancesurvey.co.uk/id/7000000000041430,England,http://data.ordnancesurvey.co.uk/id/country/england,,,
BD234DH,http://data.ordnancesurvey.co.uk/id/postcodeunit/BD234DH,BD23 4DH,,,,other,Postcode,390028,462950,3500,18000,,,,,,,Malham,http://data.ordnancesurvey.co.uk/id/4000000074564690,http://www.ordnancesurvey.co.uk/xml/codelists/localtype.xml#village,Craven,http://data.ordnancesurvey.co.uk/id/7000000000021698,http://data.ordnancesurvey.co.uk/ontology/admingeo/District,North Yorkshire,http://data.ordnancesurvey.co.uk/id/7000000000022028,http://data.ordnancesurvey.co.uk/ontology/admingeo/County,Yorkshire and the Humber,http://data.ordnancesurvey.co.uk/id/7000000000041430,England,http://data.ordnancesurvey.co.uk/id/country/england,,,
BD234QP,http://data.ordnancesurvey.co.uk/id/postcodeunit/BD234QP,BD23 4QP,,,,other,Postcode,381817,460605,3500,18000,,,,,,,Mearbeck,http://data.ordnancesurvey.co.uk/id/4000000074564031,http://www.ordnancesurvey.co.uk/xml/codelists/localtype.xml#hamlet,Craven,http://data.ordnancesurvey.co.uk/id/7000000000021698,http://data.ordnancesurvey.co.uk/ontology/admingeo/District,North Yorkshire,http://data.ordnancesurvey.co.uk/id/7000000000022028,http://data.ordnancesurvey.co.uk/ontology/admingeo/County,Yorkshire and the Humber,http://data.ordnancesurvey.co.uk/id/7000000000041430,England,http://data.ordnancesurvey.co.uk/id/country/england,,,
BD240JQ,http://data.ordnancesurvey.co.uk/id/postcodeunit/BD240JQ,BD24 0JQ,,,,other,Postcode,380030,476842,3500,18000,,,,,,,,,,Craven,http://data.ordnancesurvey.co.uk/id/7000000000021698,http://data.ordnancesurvey.co.uk/ontology/admingeo/District,North Yorkshire,http://data.ordnancesurvey.co.uk/id/7000000000022028,http://data.ordnancesurvey.co.uk/ontology/admingeo/County,Yorkshire and the Humber,http://data.ordnancesurvey.co.uk/id/7000000000041430,England,http://data.ordnancesurvey.co.uk/id/country/england,,,
BD235PY,http://data.ordnancesurvey.co.uk/id/postcodeunit/BD235PY,BD23 5PY,,,,other,Postcode,394690,470422,3500,18000,,,,,,,,,,Craven,http://data.ordnancesurvey.co.uk/id/7000000000021698,http://data.ordnancesurvey.co.uk/ontology/admingeo/District,North Yorkshire,http://data.ordnancesurvey.co.uk/id/7000000000022028,http://data.ordnancesurvey.co.uk/ontology/admingeo/County,Yorkshire and the Humber,http://data.ordnancesurvey.co.uk/id/7000000000041430,England,http://data.ordnancesurvey.co.uk/id/country/england,,,
BD234DQ,http://data.ordnancesurvey.co.uk/id/postcodeunit/BD234DQ,BD23 4DQ,,,,other,Postcode,390025,462959,3500,18000,,,,,,,Malham,http://data.ordnancesurvey.co.uk/id/4000000074564690,http://www.ordnancesurvey.co.uk/xml/codelists/localtype.xml#village,Craven,http://data.ordnancesurvey.co.uk/id/7000000000021698,http://data.ordnancesurvey.co.uk/ontology/admingeo/District,North Yorkshire,http://data.ordnancesurvey.co.uk/id/7000000000022028,http://data.ordnancesurvey.co.uk/ontology/admingeo/County,Yorkshire and the Humber,http://data.ordnancesurvey.co.uk/id/7000000000041430,England,http://data.ordnancesurvey.co.uk/id/country/england,,,
BD240DG,http://data.ordnancesurvey.co.uk/id/postcodeunit/BD240DG,BD24 0DG,,,,other,Postcode,380947,464337,3500,18000,,,,,,,Giggleswick,http://data.ordnancesurvey.co.uk/id/4000000074565013,http://www.ordnancesurvey.co.uk/xml/codelists/localtype.xml#village,Craven,http://data.ordnancesurvey.co.uk/id/7000000000021698,http://data.ordnancesurvey.co.uk/ontology/admingeo/District,North Yorkshire,http://data.ordnancesurvey.co.uk/id/7000000000022028,http://data.ordnancesurvey.co.uk/ontology/admingeo/County,Yorkshire and the Humber,http://data.ordnancesurvey.co.uk/id/7000000000041430,England,http://data.ordnancesurvey.co.uk/id/country/england,,,
BD249PL,http://data.ordnancesurvey.co.uk/id/postcodeunit/BD249PL,BD24 9PL,,,,other,Postcode,382170,467386,3500,18000,,,,,,,Stainforth,http://data.ordnancesurvey.co.uk/id/4000000074565011,http://www.ordnancesurvey.co.uk/xml/codelists/localtype.xml#village,Craven,http://data.ordnancesurvey.co.uk/id/7000000000021698,http://data.ordnancesurvey.co.uk/ontology/admingeo/District,North Yorkshire,http://data.ordnancesurvey.co.uk/id/7000000000022028,http://data.ordnancesurvey.co.uk/ontology/admingeo/County,Yorkshire and the Humber,http://data.ordnancesurvey.co.uk/id/7000000000041430,England,http://data.ordnancesurvey.co.uk/id/country/england,,,
BD235QL,http://data.ordnancesurvey.co.uk/id/postcodeunit/BD235QL,BD23 5QL,,,,other,Postcode,388711,474614,3500,18000,,,,,,,,,,Craven,http://data.ordnancesurvey.co.uk/id/7000000000021698,http://data.ordnancesurvey.co.uk/ontology/admingeo/District,North Yorkshire,http://data.ordnancesurvey.co.uk/id/7000000000022028,http://data.ordnancesurvey.co.uk/ontology/admingeo/County,Yorkshire and the Humber,http://data.ordnancesurvey.co.uk/id/7000000000041430,England,http://data.ordnancesurvey.co.uk/id/country/england,,,
BD249EF,http://data.ordnancesurvey.co.uk/id/postcodeunit/BD249EF,BD24 9EF,,,,other,Postcode,382004,463723,3500,18000,,,,,,,Settle,http://data.ordnancesurvey.co.uk/id/4000000074565008,http://www.ordnancesurvey.co.uk/xml/codelists/localtype.xml#town,Craven,http://data.ordnancesurvey.co.uk/id/7000000000021698,http://data.ordnancesurvey.co.uk/ontology/admingeo/District,North Yorkshire,http://data.ordnancesurvey.co.uk/id/7000000000022028,http://data.ordnancesurvey.co.uk/ontology/admingeo/County,Yorkshire and the Humber,http://data.ordnancesurvey.co.uk/id/7000000000041430,England,http://data.ordnancesurvey.co.uk/id/country/england,,,
BD249DX,http://data.ordnancesurvey.co.uk/id/postcodeunit/BD249DX,BD24 9DX,,,,other,Postcode,381896,463649,3500,18000,,,,,,,Settle,http://data.ordnancesurvey.co.uk/id/4000000074565008,http://www.ordnancesurvey.co.uk/xml/codelists/localtype.xml#town,Craven,http://data.ordnancesurvey.co.uk/id/7000000000021698,http://data.ordnancesurvey.co.uk/ontology/admingeo/District,North Yorkshire,http://data.ordnancesurvey.co.uk/id/7000000000022028,http://data.ordnancesurvey.co.uk/ontology/admingeo/County,Yorkshire and the Humber,http://data.ordnancesurvey.co.uk/id/7000000000041430,England,http://data.ordnancesurvey.co.uk/id/country/england,,,
BD249QW,http://data.ordnancesurvey.co.uk/id/postcodeunit/BD249QW,BD24 9QW,,,,other,Postcode,381922,463351,3500,18000,,,,,,,Settle,http://data.ordnancesurvey.co.uk/id/4000000074565008,http://www.ordnancesurvey.co.uk/xml/codelists/localtype.xml#town,Craven,http://data.ordnancesurvey.co.uk/id/7000000000021698,http://data.ordnancesurvey.co.uk/ontology/admingeo/District,North Yorkshire,http://data.ordnancesurvey.co.uk/id/7000000000022028,http://data.ordnancesurvey.co.uk/ontology/admingeo/County,Yorkshire and the Humber,http://data.ordnancesurvey.co.uk/id/7000000000041430,England,http://data.ordnancesurvey.co.uk/id/country/england,,,
BD249DN,http://data.ordnancesurvey.co.uk/id/postcodeunit/BD249DN,BD24 9DN,,,,other,Postcode,381910,463499,3500,18000,,,,,,,Settle,http://data.ordnancesurvey.co.uk/id/4000000074565008,http://www.ordnancesurvey.co.uk/xml/codelists/localtype.xml#town,Craven,http://data.ordnancesurvey.co.uk/id/7000000000021698,http://data.ordnancesurvey.co.uk/ontology/admingeo/District,North Yorkshire,http://data.ordnancesurvey.co.uk/id/7000000000022028,http://data.ordnancesurvey.co.uk/ontology/admingeo/County,Yorkshire and the Humber,http://data.ordnancesurvey.co.uk/id/7000000000041430,England,http://data.ordnancesurvey.co.uk/id/country/england,,,
BD235PT,http://data.ordnancesurvey.co.uk/id/postcodeunit/BD235PT,BD23 5PT,,,,other,Postcode,397390,468537,3500,18000,,,,,,,,,,Craven,http://data.ordnancesurvey.co.uk/id/7000000000021698,http://data.ordnancesurvey.co.uk/ontology/admingeo/District,North Yorkshire,http://data.ordnancesurvey.co.uk/id/7000000000022028,http://data.ordnancesurvey.co.uk/ontology/admingeo/County,Yorkshire and the Humber,http://data.ordnancesurvey.co.uk/id/7000000000041430,England,http://data.ordnancesurvey.co.uk/id/country/england,,,
BD249QH,http://data.ordnancesurvey.co.uk/id/postcodeunit/BD249QH,BD24 9QH,,,,other,Postcode,381873,463326,3500,18000,,,,,,,Settle,http://data.ordnancesurvey.co.uk/id/4000000074565008,http://www.ordnancesurvey.co.uk/xml/codelists/localtype.xml#town,Craven,http://data.ordnancesurvey.co.uk/id/7000000000021698,http://data.ordnancesurvey.co.uk/ontology/admingeo/District,North Yorkshire,http://data.ordnancesurvey.co.uk/id/7000000000022028,http://data.ordnancesurvey.co.uk/ontology/admingeo/County,Yorkshire and the Humber,http://data.ordnancesurvey.co.uk/id/7000000000041430,England,http://data.ordnancesurvey.co.uk/id/country/england,,,
BD249FD,http://data.ordnancesurvey.co.uk/id/postcodeunit/BD249FD,BD24 9FD,,,,other,Postcode,381433,463792,3500,18000,,,,,,,Settle,http://data.ordnancesurvey.co.uk/id/4000000074565008,http://www.ordnancesurvey.co.uk/xml/codelists/localtype.xml#town,Craven,http://data.ordnancesurvey.co.uk/id/7000000000021698,http://data.ordnancesurvey.co.uk/ontology/admingeo/District,North Yorkshire,http://data.ordnancesurvey.co.uk/id/7000000000022028,http://data.ordnancesurvey.co.uk/ontology/admingeo/County,Yorkshire and the Humber,http://data.ordnancesurvey.co.uk/id/7000000000041430,England,http://data.ordnancesurvey.co.uk/id/country/england,,,
BD249LG,http://data.ordnancesurvey.co.uk/id/postcodeunit/BD249LG,BD24 9LG,,,,other,Postcode,382034,464040,3500,18000,,,,,,,Settle,http://data.ordnancesurvey.co.uk/id/4000000074565008,http://www.ordnancesurvey.co.uk/xml/codelists/localtype.xml#town,Craven,http://data.ordnancesurvey.co.uk/id/7000000000021698,http://data.ordnancesurvey.co.uk/ontology/admingeo/District,North Yorkshire,http://data.ordnancesurvey.co.uk/id/7000000000022028,http://data.ordnancesurvey.co.uk/ontology/admingeo/County,Yorkshire and the Humber,http://data.ordnancesurvey.co.uk/id/7000000000041430,England,http://data.ordnancesurvey.co.uk/id/country/england,,,
BD235HY,http://data.ordnancesurvey.co.uk/id/postcodeunit/BD235HY,BD23 5HY,,,,other,Postcode,395338,474797,3500,18000,,,,,,,Starbotton,http://data.ordnancesurvey.co.uk/id/4000000074564693,http://www.ordnancesurvey.co.uk/xml/codelists/localtype.xml#village,Craven,http://data.ordnancesurvey.co.uk/id/7000000000021698,http://data.ordnancesurvey.co.uk/ontology/admingeo/District,North Yorkshire,http://data.ordnancesurvey.co.uk/id/7000000000022028,http://data.ordnancesurvey.co.uk/ontology/admingeo/County,Yorkshire and the Humber,http://data.ordnancesurvey.co.uk/id/7000000000041430,England,http://data.ordnancesurvey.co.uk/id/country/england,,,
BD235HD,http://data.ordnancesurvey.co.uk/id/postcodeunit/BD235HD,BD23 5HD,,,,other,Postcode,398989,463555,3500,18000,,,,,,,Threshfield,http://data.ordnancesurvey.co.uk/id/4000000074564035,http://www.ordnancesurvey.co.uk/xml/codelists/localtype.xml#village,Craven,http://data.ordnancesurvey.co.uk/id/7000000000021698,http://data.ordnancesurvey.co.uk/ontology/admingeo/District,North Yorkshire,http://data.ordnancesurvey.co.uk/id/7000000000022028,http://data.ordnancesurvey.co.uk/ontology/admingeo/County,Yorkshire and the Humber,http://data.ordnancesurvey.co.uk/id/7000000000041430,England,http://data.ordnancesurvey.co.uk/id/country/england,,,
BD235JA,http://data.ordnancesurvey.co.uk/id/postcodeunit/BD235JA,BD23 5JA,,,,other,Postcode,394231,477197,3500,18000,,,,,,,Buckden,http://data.ordnancesurvey.co.uk/id/4000000074568272,http://www.ordnancesurvey.co.uk/xml/codelists/localtype.xml#village,Craven,http://data.ordnancesurvey.co.uk/id/7000000000021698,http://data.ordnancesurvey.co.uk/ontology/admingeo/District,North Yorkshire,http://data.ordnancesurvey.co.uk/id/7000000000022028,http://data.ordnancesurvey.co.uk/ontology/admingeo/County,Yorkshire and the Humber,http://data.ordnancesurvey.co.uk/id/7000000000041430,England,http://data.ordnancesurvey.co.uk/id/country/england,,,
BD249JB,http://data.ordnancesurvey.co.uk/id/postcodeunit/BD249JB,BD24 9JB,,,,other,Postcode,382076,463802,3500,18000,,,,,,,Settle,http://data.ordnancesurvey.co.uk/id/4000000074565008,http://www.ordnancesurvey.co.uk/xml/codelists/localtype.xml#town,Craven,http://data.ordnancesurvey.co.uk/id/7000000000021698,http://data.ordnancesurvey.co.uk/ontology/admingeo/District,North Yorkshire,http://data.ordnancesurvey.co.uk/id/7000000000022028,http://data.ordnancesurvey.co.uk/ontology/admingeo/County,Yorkshire and the Humber,http://data.ordnancesurvey.co.uk/id/7000000000041430,England,http://data.ordnancesurvey.co.uk/id/country/england,,,
BD249JD,http://data.ordnancesurvey.co.uk/id/postcodeunit/BD249JD,BD24 9JD,,,,other,Postcode,381925,463760,3500,18000,,,,,,,Settle,http://data.ordnancesurvey.co.uk/id/4000000074565008,http://www.ordnancesurvey.co.uk/xml/codelists/localtype.xml#town,Craven,http://data.ordnancesurvey.co.uk/id/7000000000021698,http://data.ordnancesurvey.co.uk/ontology/admingeo/District,North Yorkshire,http://data.ordnancesurvey.co.uk/id/7000000000022028,http://data.ordnancesurvey.co.uk/ontology/admingeo/County,Yorkshire and the Humber,http://data.ordnancesurvey.co.uk/id/7000000000041430,England,http://data.ordnancesurvey.co.uk/id/country/england,,,
BD240JD,http://data.ordnancesurvey.co.uk/id/postcodeunit/BD240JD,BD24 0JD,,,,other,Postcode,380758,472930,3500,18000,,,,,,,,,,Craven,http://data.ordnancesurvey.co.uk/id/7000000000021698,http://data.ordnancesurvey.co.uk/ontology/admingeo/District,North Yorkshire,http://data.ordnancesurvey.co.uk/id/7000000000022028,http://data.ordnancesurvey.co.uk/ontology/admingeo/County,Yorkshire and the Humber,http://data.ordnancesurvey.co.uk/id/7000000000041430,England,http://data.ordnancesurvey.co.uk/id/country/england,,,
BD249NF,http://data.ordnancesurvey.co.uk/id/postcodeunit/BD249NF,BD24 9NF,,,,other,Postcode,382250,465073,3500,18000,,,,,,,Langcliffe,http://data.ordnancesurvey.co.uk/id/4000000074565009,http://www.ordnancesurvey.co.uk/xml/codelists/localtype.xml#village,Craven,http://data.ordnancesurvey.co.uk/id/7000000000021698,http://data.ordnancesurvey.co.uk/ontology/admingeo/District,North Yorkshire,http://data.ordnancesurvey.co.uk/id/7000000000022028,http://data.ordnancesurvey.co.uk/ontology/admingeo/County,Yorkshire and the Humber,http://data.ordnancesurvey.co.uk/id/7000000000041430,England,http://data.ordnancesurvey.co.uk/id/country/england,,,
BD249PW,http://data.ordnancesurvey.co.uk/id/postcodeunit/BD249PW,BD24 9PW,,,,other,Postcode,384915,471969,3500,18000,,,,,,,,,,Craven,http://data.ordnancesurvey.co.uk/id/7000000000021698,http://data.ordnancesurvey.co.uk/ontology/admingeo/District,North Yorkshire,http://data.ordnancesurvey.co.uk/id/7000000000022028,http://data.ordnancesurvey.co.uk/ontology/admingeo/County,Yorkshire and the Humber,http://data.ordnancesurvey.co.uk/id/7000000000041430,England,http://data.ordnancesurvey.co.uk/id/country/england,,,
BD249PZ,http://data.ordnancesurvey.co.uk/id/postcodeunit/BD249PZ,BD24 9PZ,,,,other,Postcode,382861,466549,3500,18000,,,,,,,,,,Craven,http://data.ordnancesurvey.co.uk/id/7000000000021698,http://data.ordnancesurvey.co.uk/ontology/admingeo/District,North Yorkshire,http://data.ordnancesurvey.co.uk/id/7000000000022028,http://data.ordnancesurvey.co.uk/ontology/admingeo/County,Yorkshire and the Humber,http://data.ordnancesurvey.co.uk/id/7000000000041430,England,http://data.ordnancesurvey.co.uk/id/country/england,,,
BD234BB,http://data.ordnancesurvey.co.uk/id/postcodeunit/BD234BB,BD23 4BB,,,,other,Postcode,385890,460360,3500,18000,,,,,,,,,,Craven,http://data.ordnancesurvey.co.uk/id/7000000000021698,http://data.ordnancesurvey.co.uk/ontology/admingeo/District,North Yorkshire,http://data.ordnancesurvey.co.uk/id/7000000000022028,http://data.ordnancesurvey.co.uk/ontology/admingeo/County,Yorkshire and the Humber,http://data.ordnancesurvey.co.uk/id/7000000000041430,England,http://data.ordnancesurvey.co.uk/id/country/england,,,
BD235RB,http://data.ordnancesurvey.co.uk/id/postcodeunit/BD235RB,BD23 5RB,,,,other,Postcode,396897,472292,3500,18000,,,,,,,Kettlewell,http://data.ordnancesurvey.co.uk/id/4000000074564692,http://www.ordnancesurvey.co.uk/xml/codelists/localtype.xml#village,Craven,http://data.ordnancesurvey.co.uk/id/7000000000021698,http://data.ordnancesurvey.co.uk/ontology/admingeo/District,North Yorkshire,http://data.ordnancesurvey.co.uk/id/7000000000022028,http://data.ordnancesurvey.co.uk/ontology/admingeo/County,Yorkshire and the Humber,http://data.ordnancesurvey.co.uk/id/7000000000041430,England,http://data.ordnancesurvey.co.uk/id/country/england,,,
BD240AE,http://data.ordnancesurvey.co.uk/id/postcodeunit/BD240AE,BD24 0AE,,,,other,Postcode,380971,463307,3500,18000,,,,,,,Giggleswick,http://data.ordnancesurvey.co.uk/id/4000000074565013,http://www.ordnancesurvey.co.uk/xml/codelists/localtype.xml#village,Craven,http://data.ordnancesurvey.co.uk/id/7000000000021698,http://data.ordnancesurvey.co.uk/ontology/admingeo/District,North Yorkshire,http://data.ordnancesurvey.co.uk/id/7000000000022028,http://data.ordnancesurvey.co.uk/ontology/admingeo/County,Yorkshire and the Humber,http://data.ordnancesurvey.co.uk/id/7000000000041430,England,http://data.ordnancesurvey.co.uk/id/country/england,,,
BD240HW,http://data.ordnancesurvey.co.uk/id/postcodeunit/BD240HW,BD24 0HW,,,,other,Postcode,380561,470963,3500,18000,,,,,,,,,,Craven,http://data.ordnancesurvey.co.uk/id/7000000000021698,http://data.ordnancesurvey.co.uk/ontology/admingeo/District,North Yorkshire,http://data.ordnancesurvey.co.uk/id/7000000000022028,http://data.ordnancesurvey.co.uk/ontology/admingeo/County,Yorkshire and the Humber,http://data.ordnancesurvey.co.uk/id/7000000000041430,England,http://data.ordnancesurvey.co.uk/id/country/england,,,
BD240LH,http://data.ordnancesurvey.co.uk/id/postcodeunit/BD240LH,BD24 0LH,,,,other,Postcode,380408,460049,3500,18000,,,,,,,Rathmell,http://data.ordnancesurvey.co.uk/id/4000000074564033,http://www.ordnancesurvey.co.uk/xml/codelists/localtype.xml#village,Craven,http://data.ordnancesurvey.co.uk/id/7000000000021698,http://data.ordnancesurvey.co.uk/ontology/admingeo/District,North Yorkshire,http://data.ordnancesurvey.co.uk/id/7000000000022028,http://data.ordnancesurvey.co.uk/ontology/admingeo/County,Yorkshire and the Humber,http://data.ordnancesurvey.co.uk/id/7000000000041430,England,http://data.ordnancesurvey.co.uk/id/country/england,,,
BD249NZ,http://data.ordnancesurvey.co.uk/id/postcodeunit/BD249NZ,BD24 9NZ,,,,other,Postcode,382088,466849,3500,18000,,,,,,,,,,Craven,http://data.ordnancesurvey.co.uk/id/7000000000021698,http://data.ordnancesurvey.co.uk/ontology/admingeo/District,North Yorkshire,http://data.ordnancesurvey.co.uk/id/7000000000022028,http://data.ordnancesurvey.co.uk/ontology/admingeo/County,Yorkshire and the Humber,http://data.ordnancesurvey.co.uk/id/7000000000041430,England,http://data.ordnancesurvey.co.uk/id/country/england,,,
BD249PE,http://data.ordnancesurvey.co.uk/id/postcodeunit/BD249PE,BD24 9PE,,,,other,Postcode,382199,467329,3500,18000,,,,,,,Stainforth,http://data.ordnancesurvey.co.uk/id/4000000074565011,http://www.ordnancesurvey.co.uk/xml/codelists/localtype.xml#village,Craven,http://data.ordnancesurvey.co.uk/id/7000000000021698,http://data.ordnancesurvey.co.uk/ontology/admingeo/District,North Yorkshire,http://data.ordnancesurvey.co.uk/id/7000000000022028,http://data.ordnancesurvey.co.uk/ontology/admingeo/County,Yorkshire and the Humber,http://data.ordnancesurvey.co.uk/id/7000000000041430,England,http://data.ordnancesurvey.co.uk/id/country/england,,,
BD240ES,http://data.ordnancesurvey.co.uk/id/postcodeunit/BD240ES,BD24 0ES,,,,other,Postcode,381461,471431,3500,18000,,,,,,,,,,Craven,http://data.ordnancesurvey.co.uk/id/7000000000021698,http://data.ordnancesurvey.co.uk/ontology/admingeo/District,North Yorkshire,http://data.ordnancesurvey.co.uk/id/7000000000022028,http://data.ordnancesurvey.co.uk/ontology/admingeo/County,Yorkshire and the Humber,http://data.ordnancesurvey.co.uk/id/7000000000041430,England,http://data.ordnancesurvey.co.uk/id/country/england,,,
BD249HE,http://data.ordnancesurvey.co.uk/id/postcodeunit/BD249HE,BD24 9HE,,,,other,Postcode,382230,463370,3500,18000,,,,,,,Settle,http://data.ordnancesurvey.co.uk/id/4000000074565008,http://www.ordnancesurvey.co.uk/xml/codelists/localtype.xml#town,Craven,http://data.ordnancesurvey.co.uk/id/7000000000021698,http://data.ordnancesurvey.co.uk/ontology/admingeo/District,North Yorkshire,http://data.ordnancesurvey.co.uk/id/7000000000022028,http://data.ordnancesurvey.co.uk/ontology/admingeo/County,Yorkshire and the Humber,http://data.ordnancesurvey.co.uk/id/7000000000041430,England,http://data.ordnancesurvey.co.uk/id/country/england,,,
BD249JR,http://data.ordnancesurvey.co.uk/id/postcodeunit/BD249JR,BD24 9JR,,,,other,Postcode,381806,464060,3500,18000,,,,,,,Settle,http://data.ordnancesurvey.co.uk/id/4000000074565008,http://www.ordnancesurvey.co.uk/xml/codelists/localtype.xml#town,Craven,http://data.ordnancesurvey.co.uk/id/7000000000021698,http://data.ordnancesurvey.co.uk/ontology/admingeo/District,North Yorkshire,http://data.ordnancesurvey.co.uk/id/7000000000022028,http://data.ordnancesurvey.co.uk/ontology/admingeo/County,Yorkshire and the Humber,http://data.ordnancesurvey.co.uk/id/7000000000041430,England,http://data.ordnancesurvey.co.uk/id/country/england,,,
BD240ER,http://data.ordnancesurvey.co.uk/id/postcodeunit/BD240ER,BD24 0ER,,,,other,Postcode,381316,470360,3500,18000,,,,,,,Studfold,http://data.ordnancesurvey.co.uk/id/4000000074565313,http://www.ordnancesurvey.co.uk/xml/codelists/localtype.xml#hamlet,Craven,http://data.ordnancesurvey.co.uk/id/7000000000021698,http://data.ordnancesurvey.co.uk/ontology/admingeo/District,North Yorkshire,http://data.ordnancesurvey.co.uk/id/7000000000022028,http://data.ordnancesurvey.co.uk/ontology/admingeo/County,Yorkshire and the Humber,http://data.ordnancesurvey.co.uk/id/7000000000041430,England,http://data.ordnancesurvey.co.uk/id/country/england,,,
BD249JS,http://data.ordnancesurvey.co.uk/id/postcodeunit/BD249JS,BD24 9JS,,,,other,Postcode,381706,464102,3500,18000,,,,,,,Settle,http://data.ordnancesurvey.co.uk/id/4000000074565008,http://www.ordnancesurvey.co.uk/xml/codelists/localtype.xml#town,Craven,http://data.ordnancesurvey.co.uk/id/7000000000021698,http://data.ordnancesurvey.co.uk/ontology/admingeo/District,North Yorkshire,http://data.ordnancesurvey.co.uk/id/7000000000022028,http://data.ordnancesurvey.co.uk/ontology/admingeo/County,Yorkshire and the Humber,http://data.ordnancesurvey.co.uk/id/7000000000041430,England,http://data.ordnancesurvey.co.uk/id/country/england,,,
BD249HU,http://data.ordnancesurvey.co.uk/id/postcodeunit/BD249HU,BD24 9HU,,,,other,Postcode,382005,463592,3500,18000,,,,,,,Settle,http://data.ordnancesurvey.co.uk/id/4000000074565008,http://www.ordnancesurvey.co.uk/xml/codelists/localtype.xml#town,Craven,http://data.ordnancesurvey.co.uk/id/7000000000021698,http://data.ordnancesurvey.co.uk/ontology/admingeo/District,North Yorkshire,http://data.ordnancesurvey.co.uk/id/7000000000022028,http://data.ordnancesurvey.co.uk/ontology/admingeo/County,Yorkshire and the Humber,http://data.ordnancesurvey.co.uk/id/7000000000041430,England,http://data.ordnancesurvey.co.uk/id/country/england,,,
BD235RZ,http://data.ordnancesurvey.co.uk/id/postcodeunit/BD235RZ,BD23 5RZ,,,,other,Postcode,399370,463828,3500,18000,,,,,,,Threshfield,http://data.ordnancesurvey.co.uk/id/4000000074564035,http://www.ordnancesurvey.co.uk/xml/codelists/localtype.xml#village,Craven,http://data.ordnancesurvey.co.uk/id/7000000000021698,http://data.ordnancesurvey.co.uk/ontology/admingeo/District,North Yorkshire,http://data.ordnancesurvey.co.uk/id/7000000000022028,http://data.ordnancesurvey.co.uk/ontology/admingeo/County,Yorkshire and the Humber,http://data.ordnancesurvey.co.uk/id/7000000000041430,England,http://data.ordnancesurvey.co.uk/id/country/england,,,
BD249EX,http://data.ordnancesurvey.co.uk/id/postcodeunit/BD249EX,BD24 9EX,,,,other,Postcode,382045,463607,3500,18000,,,,,,,Settle,http://data.ordnancesurvey.co.uk/id/4000000074565008,http://www.ordnancesurvey.co.uk/xml/codelists/localtype.xml#town,Craven,http://data.ordnancesurvey.co.uk/id/7000000000021698,http://data.ordnancesurvey.co.uk/ontology/admingeo/District,North Yorkshire,http://data.ordnancesurvey.co.uk/id/7000000000022028,http://data.ordnancesurvey.co.uk/ontology/admingeo/County,Yorkshire and the Humber,http://data.ordnancesurvey.co.uk/id/7000000000041430,England,http://data.ordnancesurvey.co.uk/id/country/england,,,
BD249AS,http://data.ordnancesurvey.co.uk/id/postcodeunit/BD249AS,BD24 9AS,,,,other,Postcode,381722,463272,3500,18000,,,,,,,Settle,http://data.ordnancesurvey.co.uk/id/4000000074565008,http://www.ordnancesurvey.co.uk/xml/codelists/localtype.xml#town,Craven,http://data.ordnancesurvey.co.uk/id/7000000000021698,http://data.ordnancesurvey.co.uk/ontology/admingeo/District,North Yorkshire,http://data.ordnancesurvey.co.uk/id/7000000000022028,http://data.ordnancesurvey.co.uk/ontology/admingeo/County,Yorkshire and the Humber,http://data.ordnancesurvey.co.uk/id/7000000000041430,England,http://data.ordnancesurvey.co.uk/id/country/england,,,
BD235HJ,http://data.ordnancesurvey.co.uk/id/postcodeunit/BD235HJ,BD23 5HJ,,,,other,Postcode,399678,462693,3500,18000,,,,,,,Linton,http://data.ordnancesurvey.co.uk/id/4000000074564034,http://www.ordnancesurvey.co.uk/xml/codelists/localtype.xml#village,Craven,http://data.ordnancesurvey.co.uk/id/7000000000021698,http://data.ordnancesurvey.co.uk/ontology/admingeo/District,North Yorkshire,http://data.ordnancesurvey.co.uk/id/7000000000022028,http://data.ordnancesurvey.co.uk/ontology/admingeo/County,Yorkshire and the Humber,http://data.ordnancesurvey.co.uk/id/7000000000041430,England,http://data.ordnancesurvey.co.uk/id/country/england,,,
BD249ND,http://data.ordnancesurvey.co.uk/id/postcodeunit/BD249ND,BD24 9ND,,,,other,Postcode,382169,465022,3500,18000,,,,,,,Langcliffe,http://data.ordnancesurvey.co.uk/id/4000000074565009,http://www.ordnancesurvey.co.uk/xml/codelists/localtype.xml#village,Craven,http://data.ordnancesurvey.co.uk/id/7000000000021698,http://data.ordnancesurvey.co.uk/ontology/admingeo/District,North Yorkshire,http://data.ordnancesurvey.co.uk/id/7000000000022028,http://data.ordnancesurvey.co.uk/ontology/admingeo/County,Yorkshire and the Humber,http://data.ordnancesurvey.co.uk/id/7000000000041430,England,http://data.ordnancesurvey.co.uk/id/country/england,,,
BD249NP,http://data.ordnancesurvey.co.uk/id/postcodeunit/BD249NP,BD24 9NP,,,,other,Postcode,382090,465564,3500,18000,,,,,,,Langcliffe,http://data.ordnancesurvey.co.uk/id/4000000074565009,http://www.ordnancesurvey.co.uk/xml/codelists/localtype.xml#village,Craven,http://data.ordnancesurvey.co.uk/id/7000000000021698,http://data.ordnancesurvey.co.uk/ontology/admingeo/District,North Yorkshire,http://data.ordnancesurvey.co.uk/id/7000000000022028,http://data.ordnancesurvey.co.uk/ontology/admingeo/County,Yorkshire and the Humber,http://data.ordnancesurvey.co.uk/id/7000000000041430,England,http://data.ordnancesurvey.co.uk/id/country/england,,,
BD249HR,http://data.ordnancesurvey.co.uk/id/postcodeunit/BD249HR,BD24 9HR,,,,other,Postcode,382035,463538,3500,18000,,,,,,,Settle,http://data.ordnancesurvey.co.uk/id/4000000074565008,http://www.ordnancesurvey.co.uk/xml/codelists/localtype.xml#town,Craven,http://data.ordnancesurvey.co.uk/id/7000000000021698,http://data.ordnancesurvey.co.uk/ontology/admingeo/District,North Yorkshire,http://data.ordnancesurvey.co.uk/id/7000000000022028,http://data.ordnancesurvey.co.uk/ontology/admingeo/County,Yorkshire and the Humber,http://data.ordnancesurvey.co.uk/id/7000000000041430,England,http://data.ordnancesurvey.co.uk/id/country/england,,,
BD240AW,http://data.ordnancesurvey.co.uk/id/postcodeunit/BD240AW,BD24 0AW,,,,other,Postcode,381290,463769,3500,18000,,,,,,,Giggleswick,http://data.ordnancesurvey.co.uk/id/4000000074565013,http://www.ordnancesurvey.co.uk/xml/codelists/localtype.xml#village,Craven,http://data.ordnancesurvey.co.uk/id/7000000000021698,http://data.ordnancesurvey.co.uk/ontology/admingeo/District,North Yorkshire,http://data.ordnancesurvey.co.uk/id/7000000000022028,http://data.ordnancesurvey.co.uk/ontology/admingeo/County,Yorkshire and the Humber,http://data.ordnancesurvey.co.uk/id/7000000000041430,England,http://data.ordnancesurvey.co.uk/id/country/england,,,
BD234BS,http://data.ordnancesurvey.co.uk/id/postcodeunit/BD234BS,BD23 4BS,,,,other,Postcode,389368,460998,3500,18000,,,,,,,Kirkby Malham,http://data.ordnancesurvey.co.uk/id/4000000074563390,http://www.ordnancesurvey.co.uk/xml/codelists/localtype.xml#village,Craven,http://data.ordnancesurvey.co.uk/id/7000000000021698,http://data.ordnancesurvey.co.uk/ontology/admingeo/District,North Yorkshire,http://data.ordnancesurvey.co.uk/id/7000000000022028,http://data.ordnancesurvey.co.uk/ontology/admingeo/County,Yorkshire and the Humber,http://data.ordnancesurvey.co.uk/id/7000000000041430,England,http://data.ordnancesurvey.co.uk/id/country/england,,,
BD249ER,http://data.ordnancesurvey.co.uk/id/postcodeunit/BD249ER,BD24 9ER,,,,other,Postcode,382071,463719,3500,18000,,,,,,,Settle,http://data.ordnancesurvey.co.uk/id/4000000074565008,http://www.ordnancesurvey.co.uk/xml/codelists/localtype.xml#town,Craven,http://data.ordnancesurvey.co.uk/id/7000000000021698,http://data.ordnancesurvey.co.uk/ontology/admingeo/District,North Yorkshire,http://data.ordnancesurvey.co.uk/id/7000000000022028,http://data.ordnancesurvey.co.uk/ontology/admingeo/County,Yorkshire and the Humber,http://data.ordnancesurvey.co.uk/id/7000000000041430,England,http://data.ordnancesurvey.co.uk/id/country/england,,,
BD249PG,http://data.ordnancesurvey.co.uk/id/postcodeunit/BD249PG,BD24 9PG,,,,other,Postcode,382153,467329,3500,18000,,,,,,,Stainforth,http://data.ordnancesurvey.co.uk/id/4000000074565011,http://www.ordnancesurvey.co.uk/xml/codelists/localtype.xml#village,Craven,http://data.ordnancesurvey.co.uk/id/7000000000021698,http://data.ordnancesurvey.co.uk/ontology/admingeo/District,North Yorkshire,http://data.ordnancesurvey.co.uk/id/7000000000022028,http://data.ordnancesurvey.co.uk/ontology/admingeo/County,Yorkshire and the Humber,http://data.ordnancesurvey.co.uk/id/7000000000041430,England,http://data.ordnancesurvey.co.uk/id/country/england,,,
BD240EB,http://data.ordnancesurvey.co.uk/id/postcodeunit/BD240EB,BD24 0EB,,,,other,Postcode,380565,463145,3500,18000,,,,,,,,,,Craven,http://data.ordnancesurvey.co.uk/id/7000000000021698,http://data.ordnancesurvey.co.uk/ontology/admingeo/District,North Yorkshire,http://data.ordnancesurvey.co.uk/id/7000000000022028,http://data.ordnancesurvey.co.uk/ontology/admingeo/County,Yorkshire and the Humber,http://data.ordnancesurvey.co.uk/id/7000000000041430,England,http://data.ordnancesurvey.co.uk/id/country/england,,,
BD249HX,http://data.ordnancesurvey.co.uk/id/postcodeunit/BD249HX,BD24 9HX,,,,other,Postcode,381999,463497,3500,18000,,,,,,,Settle,http://data.ordnancesurvey.co.uk/id/4000000074565008,http://www.ordnancesurvey.co.uk/xml/codelists/localtype.xml#town,Craven,http://data.ordnancesurvey.co.uk/id/7000000000021698,http://data.ordnancesurvey.co.uk/ontology/admingeo/District,North Yorkshire,http://data.ordnancesurvey.co.uk/id/7000000000022028,http://data.ordnancesurvey.co.uk/ontology/admingeo/County,Yorkshire and the Humber,http://data.ordnancesurvey.co.uk/id/7000000000041430,England,http://data.ordnancesurvey.co.uk/id/country/england,,,
BD235RN,http://data.ordnancesurvey.co.uk/id/postcodeunit/BD235RN,BD23 5RN,,,,other,Postcode,397190,472341,3500,18000,,,,,,,Kettlewell,http://data.ordnancesurvey.co.uk/id/4000000074564692,http://www.ordnancesurvey.co.uk/xml/codelists/localtype.xml#village,Craven,http://data.ordnancesurvey.co.uk/id/7000000000021698,http://data.ordnancesurvey.co.uk/ontology/admingeo/District,North Yorkshire,http://data.ordnancesurvey.co.uk/id/7000000000022028,http://data.ordnancesurvey.co.uk/ontology/admingeo/County,Yorkshire and the Humber,http://data.ordnancesurvey.co.uk/id/7000000000041430,England,http://data.ordnancesurvey.co.uk/id/country/england,,,
BD235PR,http://data.ordnancesurvey.co.uk/id/postcodeunit/BD235PR,BD23 5PR,,,,other,Postcode,397565,466588,3500,18000,,,,,,,,,,Craven,http://data.ordnancesurvey.co.uk/id/7000000000021698,http://data.ordnancesurvey.co.uk/ontology/admingeo/District,North Yorkshire,http://data.ordnancesurvey.co.uk/id/7000000000022028,http://data.ordnancesurvey.co.uk/ontology/admingeo/County,Yorkshire and the Humber,http://data.ordnancesurvey.co.uk/id/7000000000041430,England,http://data.ordnancesurvey.co.uk/id/country/england,,,
BD249BG,http://data.ordnancesurvey.co.uk/id/postcodeunit/BD249BG,BD24 9BG,,,,other,Postcode,381550,462934,3500,18000,,,,,,,Settle,http://data.ordnancesurvey.co.uk/id/4000000074565008,http://www.ordnancesurvey.co.uk/xml/codelists/localtype.xml#town,Craven,http://data.ordnancesurvey.co.uk/id/7000000000021698,http://data.ordnancesurvey.co.uk/ontology/admingeo/District,North Yorkshire,http://data.ordnancesurvey.co.uk/id/7000000000022028,http://data.ordnancesurvey.co.uk/ontology/admingeo/County,Yorkshire and the Humber,http://data.ordnancesurvey.co.uk/id/7000000000041430,England,http://data.ordnancesurvey.co.uk/id/country/england,,,
BD233QZ,http://data.ordnancesurvey.co.uk/id/postcodeunit/BD233QZ,BD23 3QZ,,,,other,Postcode,393632,460111,3500,18000,,,,,,,,,,Craven,http://data.ordnancesurvey.co.uk/id/7000000000021698,http://data.ordnancesurvey.co.uk/ontology/admingeo/District,North Yorkshire,http://data.ordnancesurvey.co.uk/id/7000000000022028,http://data.ordnancesurvey.co.uk/ontology/admingeo/County,Yorkshire and the Humber,http://data.ordnancesurvey.co.uk/id/7000000000041430,England,http://data.ordnancesurvey.co.uk/id/country/england,,,
BD240AB,http://data.ordnancesurvey.co.uk/id/postcodeunit/BD240AB,BD24 0AB,,,,other,Postcode,381153,463322,3500,18000,,,,,,,Giggleswick,http://data.ordnancesurvey.co.uk/id/4000000074565013,http://www.ordnancesurvey.co.uk/xml/codelists/localtype.xml#village,Craven,http://data.ordnancesurvey.co.uk/id/7000000000021698,http://data.ordnancesurvey.co.uk/ontology/admingeo/District,North Yorkshire,http://data.ordnancesurvey.co.uk/id/7000000000022028,http://data.ordnancesurvey.co.uk/ontology/admingeo/County,Yorkshire and the Humber,http://data.ordnancesurvey.co.uk/id/7000000000041430,England,http://data.ordnancesurvey.co.uk/id/country/england,,,
BD236NA,http://data.ordnancesurvey.co.uk/id/postcodeunit/BD236NA,BD23 6NA,,,,other,Postcode,396442,460433,3500,18000,,,,,,,Fleets,http://data.ordnancesurvey.co.uk/id/4000000074568262,http://www.ordnancesurvey.co.uk/xml/codelists/localtype.xml#hamlet,Craven,http://data.ordnancesurvey.co.uk/id/7000000000021698,http://data.ordnancesurvey.co.uk/ontology/admingeo/District,North Yorkshire,http://data.ordnancesurvey.co.uk/id/7000000000022028,http://data.ordnancesurvey.co.uk/ontology/admingeo/County,Yorkshire and the Humber,http://data.ordnancesurvey.co.uk/id/7000000000041430,England,http://data.ordnancesurvey.co.uk/id/country/england,,,
BD235PU,http://data.ordnancesurvey.co.uk/id/postcodeunit/BD235PU,BD23 5PU,,,,other,Postcode,395603,469981,3500,18000,,,,,,,,,,Craven,http://data.ordnancesurvey.co.uk/id/7000000000021698,http://data.ordnancesurvey.co.uk/ontology/admingeo/District,North Yorkshire,http://data.ordnancesurvey.co.uk/id/7000000000022028,http://data.ordnancesurvey.co.uk/ontology/admingeo/County,Yorkshire and the Humber,http://data.ordnancesurvey.co.uk/id/7000000000041430,England,http://data.ordnancesurvey.co.uk/id/country/england,,,
BD249DA,http://data.ordnancesurvey.co.uk/id/postcodeunit/BD249DA,BD24 9DA,,,,other,Postcode,381731,463865,3500,18000,,,,,,,Settle,http://data.ordnancesurvey.co.uk/id/4000000074565008,http://www.ordnancesurvey.co.uk/xml/codelists/localtype.xml#town,Craven,http://data.ordnancesurvey.co.uk/id/7000000000021698,http://data.ordnancesurvey.co.uk/ontology/admingeo/District,North Yorkshire,http://data.ordnancesurvey.co.uk/id/7000000000022028,http://data.ordnancesurvey.co.uk/ontology/admingeo/County,Yorkshire and the Humber,http://data.ordnancesurvey.co.uk/id/7000000000041430,England,http://data.ordnancesurvey.co.uk/id/country/england,,,
BD235PE,http://data.ordnancesurvey.co.uk/id/postcodeunit/BD235PE,BD23 5PE,,,,other,Postcode,398293,463968,3500,18000,,,,,,,Threshfield,http://data.ordnancesurvey.co.uk/id/4000000074564035,http://www.ordnancesurvey.co.uk/xml/codelists/localtype.xml#village,Craven,http://data.ordnancesurvey.co.uk/id/7000000000021698,http://data.ordnancesurvey.co.uk/ontology/admingeo/District,North Yorkshire,http://data.ordnancesurvey.co.uk/id/7000000000022028,http://data.ordnancesurvey.co.uk/ontology/admingeo/County,Yorkshire and the Humber,http://data.ordnancesurvey.co.uk/id/7000000000041430,England,http://data.ordnancesurvey.co.uk/id/country/england,,,
BD249NU,http://data.ordnancesurvey.co.uk/id/postcodeunit/BD249NU,BD24 9NU,,,,other,Postcode,382372,466217,3500,18000,,,,,,,,,,Craven,http://data.ordnancesurvey.co.uk/id/7000000000021698,http://data.ordnancesurvey.co.uk/ontology/admingeo/District,North Yorkshire,http://data.ordnancesurvey.co.uk/id/7000000000022028,http://data.ordnancesurvey.co.uk/ontology/admingeo/County,Yorkshire and the Humber,http://data.ordnancesurvey.co.uk/id/7000000000041430,England,http://data.ordnancesurvey.co.uk/id/country/england,,,
BD249HY,http://data.ordnancesurvey.co.uk/id/postcodeunit/BD249HY,BD24 9HY,,,,other,Postcode,382039,463814,3500,18000,,,,,,,Settle,http://data.ordnancesurvey.co.uk/id/4000000074565008,http://www.ordnancesurvey.co.uk/xml/codelists/localtype.xml#town,Craven,http://data.ordnancesurvey.co.uk/id/7000000000021698,http://data.ordnancesurvey.co.uk/ontology/admingeo/District,North Yorkshire,http://data.ordnancesurvey.co.uk/id/7000000000022028,http://data.ordnancesurvey.co.uk/ontology/admingeo/County,Yorkshire and the Humber,http://data.ordnancesurvey.co.uk/id/7000000000041430,England,http://data.ordnancesurvey.co.uk/id/country/england,,,
BD240DL,http://data.ordnancesurvey.co.uk/id/postcodeunit/BD240DL,BD24 0DL,,,,other,Postcode,381472,464464,3500,18000,,,,,,,Giggleswick,http://data.ordnancesurvey.co.uk/id/4000000074565013,http://www.ordnancesurvey.co.uk/xml/codelists/localtype.xml#village,Craven,http://data.ordnancesurvey.co.uk/id/7000000000021698,http://data.ordnancesurvey.co.uk/ontology/admingeo/District,North Yorkshire,http://data.ordnancesurvey.co.uk/id/7000000000022028,http://data.ordnancesurvey.co.uk/ontology/admingeo/County,Yorkshire and the Humber,http://data.ordnancesurvey.co.uk/id/7000000000041430,England,http://data.ordnancesurvey.co.uk/id/country/england,,,
BD240AN,http://data.ordnancesurvey.co.uk/id/postcodeunit/BD240AN,BD24 0AN,,,,other,Postcode,381068,463524,3500,18000,,,,,,,Giggleswick,http://data.ordnancesurvey.co.uk/id/4000000074565013,http://www.ordnancesurvey.co.uk/xml/codelists/localtype.xml#village,Craven,http://data.ordnancesurvey.co.uk/id/7000000000021698,http://data.ordnancesurvey.co.uk/ontology/admingeo/District,North Yorkshire,http://data.ordnancesurvey.co.uk/id/7000000000022028,http://data.ordnancesurvey.co.uk/ontology/admingeo/County,Yorkshire and the Humber,http://data.ordnancesurvey.co.uk/id/7000000000041430,England,http://data.ordnancesurvey.co.uk/id/country/england,,,
BD235RE,http://data.ordnancesurvey.co.uk/id/postcodeunit/BD235RE,BD23 5RE,,,,other,Postcode,397090,472179,3500,18000,,,,,,,Kettlewell,http://data.ordnancesurvey.co.uk/id/4000000074564692,http://www.ordnancesurvey.co.uk/xml/codelists/localtype.xml#village,Craven,http://data.ordnancesurvey.co.uk/id/7000000000021698,http://data.ordnancesurvey.co.uk/ontology/admingeo/District,North Yorkshire,http://data.ordnancesurvey.co.uk/id/7000000000022028,http://data.ordnancesurvey.co.uk/ontology/admingeo/County,Yorkshire and the Humber,http://data.ordnancesurvey.co.uk/id/7000000000041430,England,http://data.ordnancesurvey.co.uk/id/country/england,,,
BD249JA,http://data.ordnancesurvey.co.uk/id/postcodeunit/BD249JA,BD24 9JA,,,,other,Postcode,381977,463880,3500,18000,,,,,,,Settle,http://data.ordnancesurvey.co.uk/id/4000000074565008,http://www.ordnancesurvey.co.uk/xml/codelists/localtype.xml#town,Craven,http://data.ordnancesurvey.co.uk/id/7000000000021698,http://data.ordnancesurvey.co.uk/ontology/admingeo/District,North Yorkshire,http://data.ordnancesurvey.co.uk/id/7000000000022028,http://data.ordnancesurvey.co.uk/ontology/admingeo/County,Yorkshire and the Humber,http://data.ordnancesurvey.co.uk/id/7000000000041430,England,http://data.ordnancesurvey.co.uk/id/country/england,,,
BD249EY,http://data.ordnancesurvey.co.uk/id/postcodeunit/BD249EY,BD24 9EY,,,,other,Postcode,382074,463513,3500,18000,,,,,,,Settle,http://data.ordnancesurvey.co.uk/id/4000000074565008,http://www.ordnancesurvey.co.uk/xml/codelists/localtype.xml#town,Craven,http://data.ordnancesurvey.co.uk/id/7000000000021698,http://data.ordnancesurvey.co.uk/ontology/admingeo/District,North Yorkshire,http://data.ordnancesurvey.co.uk/id/7000000000022028,http://data.ordnancesurvey.co.uk/ontology/admingeo/County,Yorkshire and the Humber,http://data.ordnancesurvey.co.uk/id/7000000000041430,England,http://data.ordnancesurvey.co.uk/id/country/england,,,
BD240EE,http://data.ordnancesurvey.co.uk/id/postcodeunit/BD240EE,BD24 0EE,,,,other,Postcode,381417,464223,3500,18000,,,,,,,Giggleswick,http://data.ordnancesurvey.co.uk/id/4000000074565013,http://www.ordnancesurvey.co.uk/xml/codelists/localtype.xml#village,Craven,http://data.ordnancesurvey.co.uk/id/7000000000021698,http://data.ordnancesurvey.co.uk/ontology/admingeo/District,North Yorkshire,http://data.ordnancesurvey.co.uk/id/7000000000022028,http://data.ordnancesurvey.co.uk/ontology/admingeo/County,Yorkshire and the Humber,http://data.ordnancesurvey.co.uk/id/7000000000041430,England,http://data.ordnancesurvey.co.uk/id/country/england,,,
BD235BP,http://data.ordnancesurvey.co.uk/id/postcodeunit/BD235BP,BD23 5BP,,,,other,Postcode,399460,463909,3500,18000,,,,,,,Threshfield,http://data.ordnancesurvey.co.uk/id/4000000074564035,http://www.ordnancesurvey.co.uk/xml/codelists/localtype.xml#village,Craven,http://data.ordnancesurvey.co.uk/id/7000000000021698,http://data.ordnancesurvey.co.uk/ontology/admingeo/District,North Yorkshire,http://data.ordnancesurvey.co.uk/id/7000000000022028,http://data.ordnancesurvey.co.uk/ontology/admingeo/County,Yorkshire and the Humber,http://data.ordnancesurvey.co.uk/id/7000000000041430,England,http://data.ordnancesurvey.co.uk/id/country/england,,,
BD249QL,http://data.ordnancesurvey.co.uk/id/postcodeunit/BD249QL,BD24 9QL,,,,other,Postcode,381840,463222,3500,18000,,,,,,,Settle,http://data.ordnancesurvey.co.uk/id/4000000074565008,http://www.ordnancesurvey.co.uk/xml/codelists/localtype.xml#town,Craven,http://data.ordnancesurvey.co.uk/id/7000000000021698,http://data.ordnancesurvey.co.uk/ontology/admingeo/District,North Yorkshire,http://data.ordnancesurvey.co.uk/id/7000000000022028,http://data.ordnancesurvey.co.uk/ontology/admingeo/County,Yorkshire and the Humber,http://data.ordnancesurvey.co.uk/id/7000000000041430,England,http://data.ordnancesurvey.co.uk/id/country/england,,,
BD235PD,http://data.ordnancesurvey.co.uk/id/postcodeunit/BD235PD,BD23 5PD,,,,other,Postcode,398368,463922,3500,18000,,,,,,,Threshfield,http://data.ordnancesurvey.co.uk/id/4000000074564035,http://www.ordnancesurvey.co.uk/xml/codelists/localtype.xml#village,Craven,http://data.ordnancesurvey.co.uk/id/7000000000021698,http://data.ordnancesurvey.co.uk/ontology/admingeo/District,North Yorkshire,http://data.ordnancesurvey.co.uk/id/7000000000022028,http://data.ordnancesurvey.co.uk/ontology/admingeo/County,Yorkshire and the Humber,http://data.ordnancesurvey.co.uk/id/7000000000041430,England,http://data.ordnancesurvey.co.uk/id/country/england,,,
BD240AY,http://data.ordnancesurvey.co.uk/id/postcodeunit/BD240AY,BD24 0AY,,,,other,Postcode,381390,464232,3500,18000,,,,,,,Giggleswick,http://data.ordnancesurvey.co.uk/id/4000000074565013,http://www.ordnancesurvey.co.uk/xml/codelists/localtype.xml#village,Craven,http://data.ordnancesurvey.co.uk/id/7000000000021698,http://data.ordnancesurvey.co.uk/ontology/admingeo/District,North Yorkshire,http://data.ordnancesurvey.co.uk/id/7000000000022028,http://data.ordnancesurvey.co.uk/ontology/admingeo/County,Yorkshire and the Humber,http://data.ordnancesurvey.co.uk/id/7000000000041430,England,http://data.ordnancesurvey.co.uk/id/country/england,,,
BD240DD,http://data.ordnancesurvey.co.uk/id/postcodeunit/BD240DD,BD24 0DD,,,,other,Postcode,380990,463918,3500,18000,,,,,,,Giggleswick,http://data.ordnancesurvey.co.uk/id/4000000074565013,http://www.ordnancesurvey.co.uk/xml/codelists/localtype.xml#village,Craven,http://data.ordnancesurvey.co.uk/id/7000000000021698,http://data.ordnancesurvey.co.uk/ontology/admingeo/District,North Yorkshire,http://data.ordnancesurvey.co.uk/id/7000000000022028,http://data.ordnancesurvey.co.uk/ontology/admingeo/County,Yorkshire and the Humber,http://data.ordnancesurvey.co.uk/id/7000000000041430,England,http://data.ordnancesurvey.co.uk/id/country/england,,,
BD235QS,http://data.ordnancesurvey.co.uk/id/postcodeunit/BD235QS,BD23 5QS,,,,other,Postcode,397838,464970,3500,18000,,,,,,,Long Ashes,http://data.ordnancesurvey.co.uk/id/4000000074564364,http://www.ordnancesurvey.co.uk/xml/codelists/localtype.xml#village,Craven,http://data.ordnancesurvey.co.uk/id/7000000000021698,http://data.ordnancesurvey.co.uk/ontology/admingeo/District,North Yorkshire,http://data.ordnancesurvey.co.uk/id/7000000000022028,http://data.ordnancesurvey.co.uk/ontology/admingeo/County,Yorkshire and the Humber,http://data.ordnancesurvey.co.uk/id/7000000000041430,England,http://data.ordnancesurvey.co.uk/id/country/england,,,
BD240EH,http://data.ordnancesurvey.co.uk/id/postcodeunit/BD240EH,BD24 0EH,,,,other,Postcode,381027,469504,3500,18000,,,,,,,,,,Craven,http://data.ordnancesurvey.co.uk/id/7000000000021698,http://data.ordnancesurvey.co.uk/ontology/admingeo/District,North Yorkshire,http://data.ordnancesurvey.co.uk/id/7000000000022028,http://data.ordnancesurvey.co.uk/ontology/admingeo/County,Yorkshire and the Humber,http://data.ordnancesurvey.co.uk/id/7000000000041430,England,http://data.ordnancesurvey.co.uk/id/country/england,,,
BD234DP,http://data.ordnancesurvey.co.uk/id/postcodeunit/BD234DP,BD23 4DP,,,,other,Postcode,389080,461573,3500,18000,,,,,,,,,,Craven,http://data.ordnancesurvey.co.uk/id/7000000000021698,http://data.ordnancesurvey.co.uk/ontology/admingeo/District,North Yorkshire,http://data.ordnancesurvey.co.uk/id/7000000000022028,http://data.ordnancesurvey.co.uk/ontology/admingeo/County,Yorkshire and the Humber,http://data.ordnancesurvey.co.uk/id/7000000000041430,England,http://data.ordnancesurvey.co.uk/id/country/england,,,
BD234BL,http://data.ordnancesurvey.co.uk/id/postcodeunit/BD234BL,BD23 4BL,,,,other,Postcode,389530,460989,3500,18000,,,,,,,Kirkby Malham,http://data.ordnancesurvey.co.uk/id/4000000074563390,http://www.ordnancesurvey.co.uk/xml/codelists/localtype.xml#village,Craven,http://data.ordnancesurvey.co.uk/id/7000000000021698,http://data.ordnancesurvey.co.uk/ontology/admingeo/District,North Yorkshire,http://data.ordnancesurvey.co.uk/id/7000000000022028,http://data.ordnancesurvey.co.uk/ontology/admingeo/County,Yorkshire and the Humber,http://data.ordnancesurvey.co.uk/id/7000000000041430,England,http://data.ordnancesurvey.co.uk/id/country/england,,,
BD249BL,http://data.ordnancesurvey.co.uk/id/postcodeunit/BD249BL,BD24 9BL,,,,other,Postcode,381628,463391,3500,18000,,,,,,,Settle,http://data.ordnancesurvey.co.uk/id/4000000074565008,http://www.ordnancesurvey.co.uk/xml/codelists/localtype.xml#town,Craven,http://data.ordnancesurvey.co.uk/id/7000000000021698,http://data.ordnancesurvey.co.uk/ontology/admingeo/District,North Yorkshire,http://data.ordnancesurvey.co.uk/id/7000000000022028,http://data.ordnancesurvey.co.uk/ontology/admingeo/County,Yorkshire and the Humber,http://data.ordnancesurvey.co.uk/id/7000000000041430,England,http://data.ordnancesurvey.co.uk/id/country/england,,,
BD249HW,http://data.ordnancesurvey.co.uk/id/postcodeunit/BD249HW,BD24 9HW,,,,other,Postcode,382115,463195,3500,18000,,,,,,,Settle,http://data.ordnancesurvey.co.uk/id/4000000074565008,http://www.ordnancesurvey.co.uk/xml/codelists/localtype.xml#town,Craven,http://data.ordnancesurvey.co.uk/id/7000000000021698,http://data.ordnancesurvey.co.uk/ontology/admingeo/District,North Yorkshire,http://data.ordnancesurvey.co.uk/id/7000000000022028,http://data.ordnancesurvey.co.uk/ontology/admingeo/County,Yorkshire and the Humber,http://data.ordnancesurvey.co.uk/id/7000000000041430,England,http://data.ordnancesurvey.co.uk/id/country/england,,,
BD240EU,http://data.ordnancesurvey.co.uk/id/postcodeunit/BD240EU,BD24 0EU,,,,other,Postcode,381700,472128,3500,18000,,,,,,,Brackenbottom,http://data.ordnancesurvey.co.uk/id/4000000074565314,http://www.ordnancesurvey.co.uk/xml/codelists/localtype.xml#hamlet,Craven,http://data.ordnancesurvey.co.uk/id/7000000000021698,http://data.ordnancesurvey.co.uk/ontology/admingeo/District,North Yorkshire,http://data.ordnancesurvey.co.uk/id/7000000000022028,http://data.ordnancesurvey.co.uk/ontology/admingeo/County,Yorkshire and the Humber,http://data.ordnancesurvey.co.uk/id/7000000000041430,England,http://data.ordnancesurvey.co.uk/id/country/england,,,
BD235NH,http://data.ordnancesurvey.co.uk/id/postcodeunit/BD235NH,BD23 5NH,,,,other,Postcode,399897,463823,3500,18000,,,,,,,Grassington,http://data.ordnancesurvey.co.uk/id/4000000074564363,http://www.ordnancesurvey.co.uk/xml/codelists/localtype.xml#village,Craven,http://data.ordnancesurvey.co.uk/id/7000000000021698,http://data.ordnancesurvey.co.uk/ontology/admingeo/District,North Yorkshire,http://data.ordnancesurvey.co.uk/id/7000000000022028,http://data.ordnancesurvey.co.uk/ontology/admingeo/County,Yorkshire and the Humber,http://data.ordnancesurvey.co.uk/id/7000000000041430,England,http://data.ordnancesurvey.co.uk/id/country/england,,,
BD249LZ,http://data.ordnancesurvey.co.uk/id/postcodeunit/BD249LZ,BD24 9LZ,,,,other,Postcode,382101,465008,3500,18000,,,,,,,Langcliffe,http://data.ordnancesurvey.co.uk/id/4000000074565009,http://www.ordnancesurvey.co.uk/xml/codelists/localtype.xml#village,Craven,http://data.ordnancesurvey.co.uk/id/7000000000021698,http://data.ordnancesurvey.co.uk/ontology/admingeo/District,North Yorkshire,http://data.ordnancesurvey.co.uk/id/7000000000022028,http://data.ordnancesurvey.co.uk/ontology/admingeo/County,Yorkshire and the Humber,http://data.ordnancesurvey.co.uk/id/7000000000041430,England,http://data.ordnancesurvey.co.uk/id/country/england,,,
osgb4000000009459020,http://data.ordnancesurvey.co.uk/id/4000000009459020,Market Place,,,,transportNetwork,Named Road,381996,463664,1000,20000,381959,463635,382016,463712,BD24,http://data.ordnancesurvey.co.uk/id/postcodedistrict/BD24,Settle,http://data.ordnancesurvey.co.uk/id/4000000074565008,http://www.ordnancesurvey.co.uk/xml/codelists/localtype.xml#town,Craven,http://data.ordnancesurvey.co.uk/id/7000000000021698,http://data.ordnancesurvey.co.uk/ontology/admingeo/District,North Yorkshire,http://data.ordnancesurvey.co.uk/id/7000000000022028,http://data.ordnancesurvey.co.uk/ontology/admingeo/County,Yorkshire and the Humber,http://data.ordnancesurvey.co.uk/id/7000000000041430,England,http://data.ordnancesurvey.co.uk/id/country/england,,,
BD235PN,http://data.ordnancesurvey.co.uk/id/postcodeunit/BD235PN,BD23 5PN,,,,other,Postcode,397888,464843,3500,18000,,,,,,,Long Ashes,http://data.ordnancesurvey.co.uk/id/4000000074564364,http://www.ordnancesurvey.co.uk/xml/codelists/localtype.xml#village,Craven,http://data.ordnancesurvey.co.uk/id/7000000000021698,http://data.ordnancesurvey.co.uk/ontology/admingeo/District,North Yorkshire,http://data.ordnancesurvey.co.uk/id/7000000000022028,http://data.ordnancesurvey.co.uk/ontology/admingeo/County,Yorkshire and the Humber,http://data.ordnancesurvey.co.uk/id/7000000000041430,England,http://data.ordnancesurvey.co.uk/id/country/england,,,
BD249NL,http://data.ordnancesurvey.co.uk/id/postcodeunit/BD249NL,BD24 9NL,,,,other,Postcode,382228,464942,3500,18000,,,,,,,Langcliffe,http://data.ordnancesurvey.co.uk/id/4000000074565009,http://www.ordnancesurvey.co.uk/xml/codelists/localtype.xml#village,Craven,http://data.ordnancesurvey.co.uk/id/7000000000021698,http://data.ordnancesurvey.co.uk/ontology/admingeo/District,North Yorkshire,http://data.ordnancesurvey.co.uk/id/7000000000022028,http://data.ordnancesurvey.co.uk/ontology/admingeo/County,Yorkshire and the Humber,http://data.ordnancesurvey.co.uk/id/7000000000041430,England,http://data.ordnancesurvey.co.uk/id/country/england,,,
BD249BD,http://data.ordnancesurvey.co.uk/id/postcodeunit/BD249BD,BD24 9BD,,,,other,Postcode,381610,462930,3500,18000,,,,,,,Settle,http://data.ordnancesurvey.co.uk/id/4000000074565008,http://www.ordnancesurvey.co.uk/xml/codelists/localtype.xml#town,Craven,http://data.ordnancesurvey.co.uk/id/7000000000021698,http://data.ordnancesurvey.co.uk/ontology/admingeo/District,North Yorkshire,http://data.ordnancesurvey.co.uk/id/7000000000022028,http://data.ordnancesurvey.co.uk/ontology/admingeo/County,Yorkshire and the Humber,http://data.ordnancesurvey.co.uk/id/7000000000041430,England,http://data.ordnancesurvey.co.uk/id/country/england,,,
osgb4000000009411234,http://data.ordnancesurvey.co.uk/id/4000000009411234,High Hill Lane,,,,transportNetwork,Named Road,383774,462880,15000,20000,382313,461359,384546,463414,BD24,http://data.ordnancesurvey.co.uk/id/postcodedistrict/BD24,,,,Craven,http://data.ordnancesurvey.co.uk/id/7000000000021698,http://data.ordnancesurvey.co.uk/ontology/admingeo/District,North Yorkshire,http://data.ordnancesurvey.co.uk/id/7000000000022028,http://data.ordnancesurvey.co.uk/ontology/admingeo/County,Yorkshire and the Humber,http://data.ordnancesurvey.co.uk/id/7000000000041430,England,http://data.ordnancesurvey.co.uk/id/country/england,,,
osgb5000005161788969,http://data.ordnancesurvey.co.uk/id/5000005161788969,Well Hill,,,,transportNetwork,Named Road,382077,463575,1000,20000,382058,463562,382096,463601,BD24,http://data.ordnancesurvey.co.uk/id/postcodedistrict/BD24,Settle,http://data.ordnancesurvey.co.uk/id/4000000074565008,http://www.ordnancesurvey.co.uk/xml/codelists/localtype.xml#town,Craven,http://data.ordnancesurvey.co.uk/id/7000000000021698,http://data.ordnancesurvey.co.uk/ontology/admingeo/District,North Yorkshire,http://data.ordnancesurvey.co.uk/id/7000000000022028,http://data.ordnancesurvey.co.uk/ontology/admingeo/County,Yorkshire and the Humber,http://data.ordnancesurvey.co.uk/id/7000000000041430,England,http://data.ordnancesurvey.co.uk/id/country/england,,,
osgb5000005137611512,http://data.ordnancesurvey.co.uk/id/5000005137611512,Oxley Fold,,,,transportNetwork,Named Road,381813,463020,1000,20000,381773,462976,381844,463038,BD24,http://data.ordnancesurvey.co.uk/id/postcodedistrict/BD24,Settle,http://data.ordnancesurvey.co.uk/id/4000000074565008,http://www.ordnancesurvey.co.uk/xml/codelists/localtype.xml#town,Craven,http://data.ordnancesurvey.co.uk/id/7000000000021698,http://data.ordnancesurvey.co.uk/ontology/admingeo/District,North Yorkshire,http://data.ordnancesurvey.co.uk/id/7000000000022028,http://data.ordnancesurvey.co.uk/ontology/admingeo/County,Yorkshire and the Humber,http://data.ordnancesurvey.co.uk/id/7000000000041430,England,http://data.ordnancesurvey.co.uk/id/country/england,,,
f40418d4-66d7-4ea7-a3b8-58b2fd06043e,http://data.ordnancesurvey.co.uk/id/f40418d4-66d7-4ea7-a3b8-58b2fd06043e,Boss Moor Lane,,,,transportNetwork,Section Of Named Road,396286,460695,1000,25000,396286,460679,396294,460695,BD23,http://data.ordnancesurvey.co.uk/id/postcodedistrict/BD23,Fleets,http://data.ordnancesurvey.co.uk/id/4000000074568262,http://www.ordnancesurvey.co.uk/xml/codelists/localtype.xml#hamlet,Craven,http://data.ordnancesurvey.co.uk/id/7000000000021698,http://data.ordnancesurvey.co.uk/ontology/admingeo/District,North Yorkshire,http://data.ordnancesurvey.co.uk/id/7000000000022028,http://data.ordnancesurvey.co.uk/ontology/admingeo/County,Yorkshire and the Humber,http://data.ordnancesurvey.co.uk/id/7000000000041430,England,http://data.ordnancesurvey.co.uk/id/country/england,osgb4000000009412335,,
osgb5000005232279668,http://data.ordnancesurvey.co.uk/id/5000005232279668,Banks Lane,,,,transportNetwork,Named Road,382222,463879,2000,20000,382124,463764,382311,464017,BD24,http://data.ordnancesurvey.co.uk/id/postcodedistrict/BD24,,,,Craven,http://data.ordnancesurvey.co.uk/id/7000000000021698,http://data.ordnancesurvey.co.uk/ontology/admingeo/District,North Yorkshire,http://data.ordnancesurvey.co.uk/id/7000000000022028,http://data.ordnancesurvey.co.uk/ontology/admingeo/County,Yorkshire and the Humber,http://data.ordnancesurvey.co.uk/id/7000000000041430,England,http://data.ordnancesurvey.co.uk/id/country/england,,,
64bc819f-a75d-4745-b0c5-5a123fa5b8b7,http://data.ordnancesurvey.co.uk/id/64bc819f-a75d-4745-b0c5-5a123fa5b8b7,Oxley Fold,,,,transportNetwork,Section Of Named Road,381819,463021,1000,25000,381793,463018,381844,463038,BD24,http://data.ordnancesurvey.co.uk/id/postcodedistrict/BD24,Settle,http://data.ordnancesurvey.co.uk/id/4000000074565008,http://www.ordnancesurvey.co.uk/xml/codelists/localtype.xml#town,Craven,http://data.ordnancesurvey.co.uk/id/7000000000021698,http://data.ordnancesurvey.co.uk/ontology/admingeo/District,North Yorkshire,http://data.ordnancesurvey.co.uk/id/7000000000022028,http://data.ordnancesurvey.co.uk/ontology/admingeo/County,Yorkshire and the Humber,http://data.ordnancesurvey.co.uk/id/7000000000041430,England,http://data.ordnancesurvey.co.uk/id/country/england,osgb5000005137611512,,
osgb4000000009414960,http://data.ordnancesurvey.co.uk/id/4000000009414960,Out Gang Lane,,,,transportNetwork,Named Road,395302,470561,4000,20000,394986,470449,395591,470679,BD23,http://data.ordnancesurvey.co.uk/id/postcodedistrict/BD23,,,,Craven,http://data.ordnancesurvey.co.uk/id/7000000000021698,http://data.ordnancesurvey.co.uk/ontology/admingeo/District,North Yorkshire,http://data.ordnancesurvey.co.uk/id/7000000000022028,http://data.ordnancesurvey.co.uk/ontology/admingeo/County,Yorkshire and the Humber,http://data.ordnancesurvey.co.uk/id/7000000000041430,England,http://data.ordnancesurvey.co.uk/id/country/england,,,
osgb4000000009414956,http://data.ordnancesurvey.co.uk/id/4000000009414956,Austwick Road,,,,transportNetwork,Named Road,380959,469422,3000,20000,380796,469177,381290,469555,BD24,http://data.ordnancesurvey.co.uk/id/postcodedistrict/BD24,,,,Craven,http://data.ordnancesurvey.co.uk/id/7000000000021698,http://data.ordnancesurvey.co.uk/ontology/admingeo/District,North Yorkshire,http://data.ordnancesurvey.co.uk/id/7000000000022028,http://data.ordnancesurvey.co.uk/ontology/admingeo/County,Yorkshire and the Humber,http://data.ordnancesurvey.co.uk/id/7000000000041430,England,http://data.ordnancesurvey.co.uk/id/country/england,,,
a464b58d-b9a3-4a00-ba84-2999996cf233,http://data.ordnancesurvey.co.uk/id/a464b58d-b9a3-4a00-ba84-2999996cf233,Windy Pike Lane,,,,transportNetwork,Section Of Named Road,390329,461550,1000,25000,390313,461521,390361,461578,BD23,http://data.ordnancesurvey.co.uk/id/postcodedistrict/BD23,Hanlith,http://data.ordnancesurvey.co.uk/id/4000000074568268,http://www.ordnancesurvey.co.uk/xml/codelists/localtype.xml#hamlet,Craven,http://data.ordnancesurvey.co.uk/id/7000000000021698,http://data.ordnancesurvey.co.uk/ontology/admingeo/District,North Yorkshire,http://data.ordnancesurvey.co.uk/id/7000000000022028,http://data.ordnancesurvey.co.uk/ontology/admingeo/County,Yorkshire and the Humber,http://data.ordnancesurvey.co.uk/id/7000000000041430,England,http://data.ordnancesurvey.co.uk/id/country/england,osgb5000005232279829,,
osgb5000005232277883,http://data.ordnancesurvey.co.uk/id/5000005232277883,Cock Thorns Lane,,,,transportNetwork,Named Road,389441,461482,4000,20000,389400,461180,389587,461792,BD23,http://data.ordnancesurvey.co.uk/id/postcodedistrict/BD23,,,,Craven,http://data.ordnancesurvey.co.uk/id/7000000000021698,http://data.ordnancesurvey.co.uk/ontology/admingeo/District,North Yorkshire,http://data.ordnancesurvey.co.uk/id/7000000000022028,http://data.ordnancesurvey.co.uk/ontology/admingeo/County,Yorkshire and the Humber,http://data.ordnancesurvey.co.uk/id/7000000000041430,England,http://data.ordnancesurvey.co.uk/id/country/england,,,
osgb4000000009646325,http://data.ordnancesurvey.co.uk/id/4000000009646325,Old Hall Croft,,,,transportNetwork,Named Road,398935,463541,1000,20000,398926,463515,398947,463543,BD23,http://data.ordnancesurvey.co.uk/id/postcodedistrict/BD23,Threshfield,http://data.ordnancesurvey.co.uk/id/4000000074564035,http://www.ordnancesurvey.co.uk/xml/codelists/localtype.xml#village,Craven,http://data.ordnancesurvey.co.uk/id/7000000000021698,http://data.ordnancesurvey.co.uk/ontology/admingeo/District,North Yorkshire,http://data.ordnancesurvey.co.uk/id/7000000000022028,http://data.ordnancesurvey.co.uk/ontology/admingeo/County,Yorkshire and the Humber,http://data.ordnancesurvey.co.uk/id/7000000000041430,England,http://data.ordnancesurvey.co.uk/id/country/england,,,
osgb5000005232274658,http://data.ordnancesurvey.co.uk/id/5000005232274658,Bycliffe Road,,,,transportNetwork,Named Road,399798,468590,3000,20000,399511,468443,400042,468644,BD23,http://data.ordnancesurvey.co.uk/id/postcodedistrict/BD23,,,,Craven,http://data.ordnancesurvey.co.uk/id/7000000000021698,http://data.ordnancesurvey.co.uk/ontology/admingeo/District,North Yorkshire,http://data.ordnancesurvey.co.uk/id/7000000000022028,http://data.ordnancesurvey.co.uk/ontology/admingeo/County,Yorkshire and the Humber,http://data.ordnancesurvey.co.uk/id/7000000000041430,England,http://data.ordnancesurvey.co.uk/id/country/england,,,
osgb4000000009434274,http://data.ordnancesurvey.co.uk/id/4000000009434274,Northfields Crescent,,,,transportNetwork,Named Road,381870,464096,1000,20000,381837,464026,381871,464176,BD24,http://data.ordnancesurvey.co.uk/id/postcodedistrict/BD24,Settle,http://data.ordnancesurvey.co.uk/id/4000000074565008,http://www.ordnancesurvey.co.uk/xml/codelists/localtype.xml#town,Craven,http://data.ordnancesurvey.co.uk/id/7000000000021698,http://data.ordnancesurvey.co.uk/ontology/admingeo/District,North Yorkshire,http://data.ordnancesurvey.co.uk/id/7000000000022028,http://data.ordnancesurvey.co.uk/ontology/admingeo/County,Yorkshire and the Humber,http://data.ordnancesurvey.co.uk/id/7000000000041430,England,http://data.ordnancesurvey.co.uk/id/country/england,,,
osgb4000000010925378,http://data.ordnancesurvey.co.uk/id/4000000010925378,Thorpe Lane,,,,transportNetwork,Named Road,399693,461250,20000,20000,398186,460361,401253,462114,BD23,http://data.ordnancesurvey.co.uk/id/postcodedistrict/BD23,,,,Craven,http://data.ordnancesurvey.co.uk/id/7000000000021698,http://data.ordnancesurvey.co.uk/ontology/admingeo/District,North Yorkshire,http://data.ordnancesurvey.co.uk/id/7000000000022028,http://data.ordnancesurvey.co.uk/ontology/admingeo/County,Yorkshire and the Humber,http://data.ordnancesurvey.co.uk/id/7000000000041430,England,http://data.ordnancesurvey.co.uk/id/country/england,,,
35e8da6d-7075-42cc-8b83-835e1a358b8d,http://data.ordnancesurvey.co.uk/id/35e8da6d-7075-42cc-8b83-835e1a358b8d,Starbotton Cam Road,,,,transportNetwork,Section Of Named Road,395451,474830,1000,25000,395401,474804,395473,474864,BD23,http://data.ordnancesurvey.co.uk/id/postcodedistrict/BD23,Starbotton,http://data.ordnancesurvey.co.uk/id/4000000074564693,http://www.ordnancesurvey.co.uk/xml/codelists/localtype.xml#village,Craven,http://data.ordnancesurvey.co.uk/id/7000000000021698,http://data.ordnancesurvey.co.uk/ontology/admingeo/District,North Yorkshire,http://data.ordnancesurvey.co.uk/id/7000000000022028,http://data.ordnancesurvey.co.uk/ontology/admingeo/County,Yorkshire and the Humber,http://data.ordnancesurvey.co.uk/id/7000000000041430,England,http://data.ordnancesurvey.co.uk/id/country/england,osgb5000005231366926,,
76d7fbd8-a8d8-4c37-9ce2-12c4f4dcdf1c,http://data.ordnancesurvey.co.uk/id/76d7fbd8-a8d8-4c37-9ce2-12c4f4dcdf1c,Stubbing Lane,,,,transportNetwork,Section Of Named Road,392668,478239,2000,25000,392519,478198,392797,478277,BD23,http://data.ordnancesurvey.co.uk/id/postcodedistrict/BD23,Hubberholme,http://data.ordnancesurvey.co.uk/id/4000000074568274,http://www.ordnancesurvey.co.uk/xml/codelists/localtype.xml#hamlet,Craven,http://data.ordnancesurvey.co.uk/id/7000000000021698,http://data.ordnancesurvey.co.uk/ontology/admingeo/District,North Yorkshire,http://data.ordnancesurvey.co.uk/id/7000000000022028,http://data.ordnancesurvey.co.uk/ontology/admingeo/County,Yorkshire and the Humber,http://data.ordnancesurvey.co.uk/id/7000000000041430,England,http://data.ordnancesurvey.co.uk/id/country/england,osgb4000000009411259,,
osgb4000000009459107,http://data.ordnancesurvey.co.uk/id/4000000009459107,Piece Croft,,,,transportNetwork,Named Road,399247,463827,1000,20000,399229,463807,399249,463844,BD23,http://data.ordnancesurvey.co.uk/id/postcodedistrict/BD23,Threshfield,http://data.ordnancesurvey.co.uk/id/4000000074564035,http://www.ordnancesurvey.co.uk/xml/codelists/localtype.xml#village,Craven,http://data.ordnancesurvey.co.uk/id/7000000000021698,http://data.ordnancesurvey.co.uk/ontology/admingeo/District,North Yorkshire,http://data.ordnancesurvey.co.uk/id/7000000000022028,http://data.ordnancesurvey.co.uk/ontology/admingeo/County,Yorkshire and the Humber,http://data.ordnancesurvey.co.uk/id/7000000000041430,England,http://data.ordnancesurvey.co.uk/id/country/england,,,
osgb4000000009434257,http://data.ordnancesurvey.co.uk/id/4000000009434257,Watery Lane,,,,transportNetwork,Named Road,380569,462765,2000,20000,380440,462691,380700,462815,BD24,http://data.ordnancesurvey.co.uk/id/postcodedistrict/BD24,,,,Craven,http://data.ordnancesurvey.co.uk/id/7000000000021698,http://data.ordnancesurvey.co.uk/ontology/admingeo/District,North Yorkshire,http://data.ordnancesurvey.co.uk/id/7000000000022028,http://data.ordnancesurvey.co.uk/ontology/admingeo/County,Yorkshire and the Humber,http://data.ordnancesurvey.co.uk/id/7000000000041430,England,http://data.ordnancesurvey.co.uk/id/country/england,,,
osgb5000005232279878,http://data.ordnancesurvey.co.uk/id/5000005232279878,Lambert Lane,,,,transportNetwork,Named Road,383231,462643,4000,20000,382833,462468,383464,463040,BD24,http://data.ordnancesurvey.co.uk/id/postcodedistrict/BD24,,,,Craven,http://data.ordnancesurvey.co.uk/id/7000000000021698,http://data.ordnancesurvey.co.uk/ontology/admingeo/District,North Yorkshire,http://data.ordnancesurvey.co.uk/id/7000000000022028,http://data.ordnancesurvey.co.uk/ontology/admingeo/County,Yorkshire and the Humber,http://data.ordnancesurvey.co.uk/id/7000000000041430,England,http://data.ordnancesurvey.co.uk/id/country/england,,,
osgb4000000009434411,http://data.ordnancesurvey.co.uk/id/4000000009434411,Wharfe View,,,,transportNetwork,Named Road,399952,464068,1000,20000,399946,464012,399971,464114,BD23,http://data.ordnancesurvey.co.uk/id/postcodedistrict/BD23,Grassington,http://data.ordnancesurvey.co.uk/id/4000000074564363,http://www.ordnancesurvey.co.uk/xml/codelists/localtype.xml#village,Craven,http://data.ordnancesurvey.co.uk/id/7000000000021698,http://data.ordnancesurvey.co.uk/ontology/admingeo/District,North Yorkshire,http://data.ordnancesurvey.co.uk/id/7000000000022028,http://data.ordnancesurvey.co.uk/ontology/admingeo/County,Yorkshire and the Humber,http://data.ordnancesurvey.co.uk/id/7000000000041430,England,http://data.ordnancesurvey.co.uk/id/country/england,,,
03f480e0-7776-443b-b135-c1d50590fbdd,http://data.ordnancesurvey.co.uk/id/03f480e0-7776-443b-b135-c1d50590fbdd,Scabbate Gate,,,,transportNetwork,Section Of Named Road,397328,472334,2000,25000,397089,472281,397444,472507,BD23,http://data.ordnancesurvey.co.uk/id/postcodedistrict/BD23,Kettlewell,http://data.ordnancesurvey.co.uk/id/4000000074564692,http://www.ordnancesurvey.co.uk/xml/codelists/localtype.xml#village,Craven,http://data.ordnancesurvey.co.uk/id/7000000000021698,http://data.ordnancesurvey.co.uk/ontology/admingeo/District,North Yorkshire,http://data.ordnancesurvey.co.uk/id/7000000000022028,http://data.ordnancesurvey.co.uk/ontology/admingeo/County,Yorkshire and the Humber,http://data.ordnancesurvey.co.uk/id/7000000000041430,England,http://data.ordnancesurvey.co.uk/id/country/england,osgb4000000009412364,,
osgb4000000009412356,http://data.ordnancesurvey.co.uk/id/4000000009412356,Goat Lane,,,,transportNetwork,Named Road,382854,468002,9000,20000,382137,467385,383473,468687,BD24,http://data.ordnancesurvey.co.uk/id/postcodedistrict/BD24,,,,Craven,http://data.ordnancesurvey.co.uk/id/7000000000021698,http://data.ordnancesurvey.co.uk/ontology/admingeo/District,North Yorkshire,http://data.ordnancesurvey.co.uk/id/7000000000022028,http://data.ordnancesurvey.co.uk/ontology/admingeo/County,Yorkshire and the Humber,http://data.ordnancesurvey.co.uk/id/7000000000041430,England,http://data.ordnancesurvey.co.uk/id/country/england,,,
osgb4000000009434412,http://data.ordnancesurvey.co.uk/id/4000000009434412,Park View Drive,,,,transportNetwork,Named Road,398040,464858,1000,20000,397954,464754,398091,464931,BD23,http://data.ordnancesurvey.co.uk/id/postcodedistrict/BD23,Long Ashes,http://data.ordnancesurvey.co.uk/id/4000000074564364,http://www.ordnancesurvey.co.uk/xml/codelists/localtype.xml#village,Craven,http://data.ordnancesurvey.co.uk/id/7000000000021698,http://data.ordnancesurvey.co.uk/ontology/admingeo/District,North Yorkshire,http://data.ordnancesurvey.co.uk/id/7000000000022028,http://data.ordnancesurvey.co.uk/ontology/admingeo/County,Yorkshire and the Humber,http://data.ordnancesurvey.co.uk/id/7000000000041430,England,http://data.ordnancesurvey.co.uk/id/country/england,,,
osgb4000000009412364,http://data.ordnancesurvey.co.uk/id/4000000009412364,Scabbate Gate,,,,transportNetwork,Named Road,397644,473031,10000,20000,397089,472281,398199,473778,BD23,http://data.ordnancesurvey.co.uk/id/postcodedistrict/BD23,,,,Craven,http://data.ordnancesurvey.co.uk/id/7000000000021698,http://data.ordnancesurvey.co.uk/ontology/admingeo/District,North Yorkshire,http://data.ordnancesurvey.co.uk/id/7000000000022028,http://data.ordnancesurvey.co.uk/ontology/admingeo/County,Yorkshire and the Humber,http://data.ordnancesurvey.co.uk/id/7000000000041430,England,http://data.ordnancesurvey.co.uk/id/country/england,,,
osgb4000000009411257,http://data.ordnancesurvey.co.uk/id/4000000009411257,Henside Road,,,,transportNetwork,Named Road,385315,467541,15000,20000,384231,466670,386608,468560,BD24,http://data.ordnancesurvey.co.uk/id/postcodedistrict/BD24,,,,Craven,http://data.ordnancesurvey.co.uk/id/7000000000021698,http://data.ordnancesurvey.co.uk/ontology/admingeo/District,North Yorkshire,http://data.ordnancesurvey.co.uk/id/7000000000022028,http://data.ordnancesurvey.co.uk/ontology/admingeo/County,Yorkshire and the Humber,http://data.ordnancesurvey.co.uk/id/7000000000041430,England,http://data.ordnancesurvey.co.uk/id/country/england,,,
osgb5000005231366931,http://data.ordnancesurvey.co.uk/id/5000005231366931,Long Lane,,,,transportNetwork,Named Road,395275,474608,2000,20000,395143,474516,395388,474666,BD23,http://data.ordnancesurvey.co.uk/id/postcodedistrict/BD23,,,,Craven,http://data.ordnancesurvey.co.uk/id/7000000000021698,http://data.ordnancesurvey.co.uk/ontology/admingeo/District,North Yorkshire,http://data.ordnancesurvey.co.uk/id/7000000000022028,http://data.ordnancesurvey.co.uk/ontology/admingeo/County,Yorkshire and the Humber,http://data.ordnancesurvey.co.uk/id/7000000000041430,England,http://data.ordnancesurvey.co.uk/id/country/england,,,
04ea6e6f-69f8-4f42-ad0b-f469716a46e5,http://data.ordnancesurvey.co.uk/id/04ea6e6f-69f8-4f42-ad0b-f469716a46e5,Park Lane,,,,transportNetwork,Section Of Named Road,394231,479234,1000,25000,394213,479204,394236,479242,BD23,http://data.ordnancesurvey.co.uk/id/postcodedistrict/BD23,Cray,http://data.ordnancesurvey.co.uk/id/4000000074568273,http://www.ordnancesurvey.co.uk/xml/codelists/localtype.xml#otherSettlement,Craven,http://data.ordnancesurvey.co.uk/id/7000000000021698,http://data.ordnancesurvey.co.uk/ontology/admingeo/District,North Yorkshire,http://data.ordnancesurvey.co.uk/id/7000000000022028,http://data.ordnancesurvey.co.uk/ontology/admingeo/County,Yorkshire and the Humber,http://data.ordnancesurvey.co.uk/id/7000000000041430,England,http://data.ordnancesurvey.co.uk/id/country/england,osgb4000000009414961,,
osgb4000000009421067,http://data.ordnancesurvey.co.uk/id/4000000009421067,Church Street,,,,transportNetwork,Named Road,381099,464022,2000,20000,380958,464008,381247,464048,BD24,http://data.ordnancesurvey.co.uk/id/postcodedistrict/BD24,Giggleswick,http://data.ordnancesurvey.co.uk/id/4000000074565013,http://www.ordnancesurvey.co.uk/xml/codelists/localtype.xml#village,Craven,http://data.ordnancesurvey.co.uk/id/7000000000021698,http://data.ordnancesurvey.co.uk/ontology/admingeo/District,North Yorkshire,http://data.ordnancesurvey.co.uk/id/7000000000022028,http://data.ordnancesurvey.co.uk/ontology/admingeo/County,Yorkshire and the Humber,http://data.ordnancesurvey.co.uk/id/7000000000041430,England,http://data.ordnancesurvey.co.uk/id/country/england,,,
osgb5000005232277877,http://data.ordnancesurvey.co.uk/id/5000005232277877,Straight Lane,,,,transportNetwork,Named Road,389794,463077,2000,20000,389632,463047,389931,463108,BD23,http://data.ordnancesurvey.co.uk/id/postcodedistrict/BD23,,,,Craven,http://data.ordnancesurvey.co.uk/id/7000000000021698,http://data.ordnancesurvey.co.uk/ontology/admingeo/District,North Yorkshire,http://data.ordnancesurvey.co.uk/id/7000000000022028,http://data.ordnancesurvey.co.uk/ontology/admingeo/County,Yorkshire and the Humber,http://data.ordnancesurvey.co.uk/id/7000000000041430,England,http://data.ordnancesurvey.co.uk/id/country/england,,,
osgb4000000009414899,http://data.ordnancesurvey.co.uk/id/4000000009414899,Stainforth Road,,,,transportNetwork,Named Road,382126,465623,7000,20000,382022,465056,382289,466189,BD24,http://data.ordnancesurvey.co.uk/id/postcodedistrict/BD24,Langcliffe,http://data.ordnancesurvey.co.uk/id/4000000074565009,http://www.ordnancesurvey.co.uk/xml/codelists/localtype.xml#village,Craven,http://data.ordnancesurvey.co.uk/id/7000000000021698,http://data.ordnancesurvey.co.uk/ontology/admingeo/District,North Yorkshire,http://data.ordnancesurvey.co.uk/id/7000000000022028,http://data.ordnancesurvey.co.uk/ontology/admingeo/County,Yorkshire and the Humber,http://data.ordnancesurvey.co.uk/id/7000000000041430,England,http://data.ordnancesurvey.co.uk/id/country/england,,,
c49f22d8-4ce9-40e3-a860-be18109500d3,http://data.ordnancesurvey.co.uk/id/c49f22d8-4ce9-40e3-a860-be18109500d3,Brazengate,,,,transportNetwork,Section Of Named Road,397800,464744,1000,25000,397787,464739,397822,464751,BD23,http://data.ordnancesurvey.co.uk/id/postcodedistrict/BD23,Long Ashes,http://data.ordnancesurvey.co.uk/id/4000000074564364,http://www.ordnancesurvey.co.uk/xml/codelists/localtype.xml#village,Craven,http://data.ordnancesurvey.co.uk/id/7000000000021698,http://data.ordnancesurvey.co.uk/ontology/admingeo/District,North Yorkshire,http://data.ordnancesurvey.co.uk/id/7000000000022028,http://data.ordnancesurvey.co.uk/ontology/admingeo/County,Yorkshire and the Humber,http://data.ordnancesurvey.co.uk/id/7000000000041430,England,http://data.ordnancesurvey.co.uk/id/country/england,osgb4000000009660130,,
osgb4000000009414897,http://data.ordnancesurvey.co.uk/id/4000000009414897,Kirkgate,,,,transportNetwork,Named Road,381650,463881,3000,20000,381620,463651,381889,464064,BD24,http://data.ordnancesurvey.co.uk/id/postcodedistrict/BD24,Settle,http://data.ordnancesurvey.co.uk/id/4000000074565008,http://www.ordnancesurvey.co.uk/xml/codelists/localtype.xml#town,Craven,http://data.ordnancesurvey.co.uk/id/7000000000021698,http://data.ordnancesurvey.co.uk/ontology/admingeo/District,North Yorkshire,http://data.ordnancesurvey.co.uk/id/7000000000022028,http://data.ordnancesurvey.co.uk/ontology/admingeo/County,Yorkshire and the Humber,http://data.ordnancesurvey.co.uk/id/7000000000041430,England,http://data.ordnancesurvey.co.uk/id/country/england,,,
osgb4000000009489236,http://data.ordnancesurvey.co.uk/id/4000000009489236,Bond Lane,,,,transportNetwork,Named Road,381719,463602,1000,20000,381695,463500,381770,463683,BD24,http://data.ordnancesurvey.co.uk/id/postcodedistrict/BD24,Settle,http://data.ordnancesurvey.co.uk/id/4000000074565008,http://www.ordnancesurvey.co.uk/xml/codelists/localtype.xml#town,Craven,http://data.ordnancesurvey.co.uk/id/7000000000021698,http://data.ordnancesurvey.co.uk/ontology/admingeo/District,North Yorkshire,http://data.ordnancesurvey.co.uk/id/7000000000022028,http://data.ordnancesurvey.co.uk/ontology/admingeo/County,Yorkshire and the Humber,http://data.ordnancesurvey.co.uk/id/7000000000041430,England,http://data.ordnancesurvey.co.uk/id/country/england,,,
85bfc904-85a3-4011-b9d4-b1ccd4cb22db,http://data.ordnancesurvey.co.uk/id/85bfc904-85a3-4011-b9d4-b1ccd4cb22db,Raines Road,,,,transportNetwork,Section Of Named Road,381065,463586,5000,25000,380877,463240,381075,464010,BD24,http://data.ordnancesurvey.co.uk/id/postcodedistrict/BD24,Giggleswick,http://data.ordnancesurvey.co.uk/id/4000000074565013,http://www.ordnancesurvey.co.uk/xml/codelists/localtype.xml#village,Craven,http://data.ordnancesurvey.co.uk/id/7000000000021698,http://data.ordnancesurvey.co.uk/ontology/admingeo/District,North Yorkshire,http://data.ordnancesurvey.co.uk/id/7000000000022028,http://data.ordnancesurvey.co.uk/ontology/admingeo/County,Yorkshire and the Humber,http://data.ordnancesurvey.co.uk/id/7000000000041430,England,http://data.ordnancesurvey.co.uk/id/country/england,osgb4000000009412302,,
osgb4000000009711202,http://data.ordnancesurvey.co.uk/id/4000000009711202,Bridge End Yard,,,,transportNetwork,Named Road,381582,463999,1000,20000,381582,463999,381632,464023,BD24,http://data.ordnancesurvey.co.uk/id/postcodedistrict/BD24,Settle,http://data.ordnancesurvey.co.uk/id/4000000074565008,http://www.ordnancesurvey.co.uk/xml/codelists/localtype.xml#town,Craven,http://data.ordnancesurvey.co.uk/id/7000000000021698,http://data.ordnancesurvey.co.uk/ontology/admingeo/District,North Yorkshire,http://data.ordnancesurvey.co.uk/id/7000000000022028,http://data.ordnancesurvey.co.uk/ontology/admingeo/County,Yorkshire and the Humber,http://data.ordnancesurvey.co.uk/id/7000000000041430,England,http://data.ordnancesurvey.co.uk/id/country/england,,,
osgb4000000009421175,http://data.ordnancesurvey.co.uk/id/4000000009421175,Station Road,,,,transportNetwork,Named Road,380584,472648,2000,20000,380477,472621,380758,472698,BD24,http://data.ordnancesurvey.co.uk/id/postcodedistrict/BD24,Horton in Ribblesdale,http://data.ordnancesurvey.co.uk/id/4000000074565640,http://www.ordnancesurvey.co.uk/xml/codelists/localtype.xml#village,Craven,http://data.ordnancesurvey.co.uk/id/7000000000021698,http://data.ordnancesurvey.co.uk/ontology/admingeo/District,North Yorkshire,http://data.ordnancesurvey.co.uk/id/7000000000022028,http://data.ordnancesurvey.co.uk/ontology/admingeo/County,Yorkshire and the Humber,http://data.ordnancesurvey.co.uk/id/7000000000041430,England,http://data.ordnancesurvey.co.uk/id/country/england,,,
46fb2e8c-c467-4077-9ffa-8ced692b125c,http://data.ordnancesurvey.co.uk/id/46fb2e8c-c467-4077-9ffa-8ced692b125c,Wood Lane,,,,transportNetwork,Section Of Named Road,397826,463886,1000,25000,397821,463853,397826,463903,BD23,http://data.ordnancesurvey.co.uk/id/postcodedistrict/BD23,Skirethorns,http://data.ordnancesurvey.co.uk/id/4000000074564362,http://www.ordnancesurvey.co.uk/xml/codelists/localtype.xml#hamlet,Craven,http://data.ordnancesurvey.co.uk/id/7000000000021698,http://data.ordnancesurvey.co.uk/ontology/admingeo/District,North Yorkshire,http://data.ordnancesurvey.co.uk/id/7000000000022028,http://data.ordnancesurvey.co.uk/ontology/admingeo/County,Yorkshire and the Humber,http://data.ordnancesurvey.co.uk/id/7000000000041430,England,http://data.ordnancesurvey.co.uk/id/country/england,osgb4000000009414930,,
osgb5000005231366924,http://data.ordnancesurvey.co.uk/id/5000005231366924,Whernside Turf Road,,,,transportNetwork,Named Road,397857,472475,6000,20000,397411,472231,398289,472591,BD23,http://data.ordnancesurvey.co.uk/id/postcodedistrict/BD23,,,,Craven,http://data.ordnancesurvey.co.uk/id/7000000000021698,http://data.ordnancesurvey.co.uk/ontology/admingeo/District,North Yorkshire,http://data.ordnancesurvey.co.uk/id/7000000000022028,http://data.ordnancesurvey.co.uk/ontology/admingeo/County,Yorkshire and the Humber,http://data.ordnancesurvey.co.uk/id/7000000000041430,England,http://data.ordnancesurvey.co.uk/id/country/england,,,
osgb4000000009434402,http://data.ordnancesurvey.co.uk/id/4000000009434402,Back Lane,,,,transportNetwork,Named Road,389656,461113,1000,20000,389595,461040,389671,461189,BD23,http://data.ordnancesurvey.co.uk/id/postcodedistrict/BD23,,,,Craven,http://data.ordnancesurvey.co.uk/id/7000000000021698,http://data.ordnancesurvey.co.uk/ontology/admingeo/District,North Yorkshire,http://data.ordnancesurvey.co.uk/id/7000000000022028,http://data.ordnancesurvey.co.uk/ontology/admingeo/County,Yorkshire and the Humber,http://data.ordnancesurvey.co.uk/id/7000000000041430,England,http://data.ordnancesurvey.co.uk/id/country/england,,,
5bd2a344-17bb-4466-bab0-2545bb6bc5eb,http://data.ordnancesurvey.co.uk/id/5bd2a344-17bb-4466-bab0-2545bb6bc5eb,Lauradale Lane,,,,transportNetwork,Section Of Named Road,399786,462850,2000,25000,399552,462748,399866,463081,BD23,http://data.ordnancesurvey.co.uk/id/postcodedistrict/BD23,Linton,http://data.ordnancesurvey.co.uk/id/4000000074564034,http://www.ordnancesurvey.co.uk/xml/codelists/localtype.xml#village,Craven,http://data.ordnancesurvey.co.uk/id/7000000000021698,http://data.ordnancesurvey.co.uk/ontology/admingeo/District,North Yorkshire,http://data.ordnancesurvey.co.uk/id/7000000000022028,http://data.ordnancesurvey.co.uk/ontology/admingeo/County,Yorkshire and the Humber,http://data.ordnancesurvey.co.uk/id/7000000000041430,England,http://data.ordnancesurvey.co.uk/id/country/england,osgb4000000009412337,,
osgb4000000009414930,http://data.ordnancesurvey.co.uk/id/4000000009414930,Wood Lane,,,,transportNetwork,Named Road,397587,464139,4000,20000,397369,463853,397826,464411,BD23,http://data.ordnancesurvey.co.uk/id/postcodedistrict/BD23,,,,Craven,http://data.ordnancesurvey.co.uk/id/7000000000021698,http://data.ordnancesurvey.co.uk/ontology/admingeo/District,North Yorkshire,http://data.ordnancesurvey.co.uk/id/7000000000022028,http://data.ordnancesurvey.co.uk/ontology/admingeo/County,Yorkshire and the Humber,http://data.ordnancesurvey.co.uk/id/7000000000041430,England,http://data.ordnancesurvey.co.uk/id/country/england,,,
osgb5000005232277881,http://data.ordnancesurvey.co.uk/id/5000005232277881,Long Lane,,,,transportNetwork,Named Road,389560,463181,4000,20000,389340,462924,389938,463519,BD23,http://data.ordnancesurvey.co.uk/id/postcodedistrict/BD23,,,,Craven,http://data.ordnancesurvey.co.uk/id/7000000000021698,http://data.ordnancesurvey.co.uk/ontology/admingeo/District,North Yorkshire,http://data.ordnancesurvey.co.uk/id/7000000000022028,http://data.ordnancesurvey.co.uk/ontology/admingeo/County,Yorkshire and the Humber,http://data.ordnancesurvey.co.uk/id/7000000000041430,England,http://data.ordnancesurvey.co.uk/id/country/england,,,
osgb4000000009421070,http://data.ordnancesurvey.co.uk/id/4000000009421070,Church Street,,,,transportNetwork,Named Road,381855,463898,3000,20000,381679,463645,381960,464060,BD24,http://data.ordnancesurvey.co.uk/id/postcodedistrict/BD24,Settle,http://data.ordnancesurvey.co.uk/id/4000000074565008,http://www.ordnancesurvey.co.uk/xml/codelists/localtype.xml#town,Craven,http://data.ordnancesurvey.co.uk/id/7000000000021698,http://data.ordnancesurvey.co.uk/ontology/admingeo/District,North Yorkshire,http://data.ordnancesurvey.co.uk/id/7000000000022028,http://data.ordnancesurvey.co.uk/ontology/admingeo/County,Yorkshire and the Humber,http://data.ordnancesurvey.co.uk/id/7000000000041430,England,http://data.ordnancesurvey.co.uk/id/country/england,,,
osgb5000005232279567,http://data.ordnancesurvey.co.uk/id/5000005232279567,Green Lane,,,,transportNetwork,Named Road,397356,463380,3000,20000,397134,463209,397567,463707,BD23,http://data.ordnancesurvey.co.uk/id/postcodedistrict/BD23,,,,Craven,http://data.ordnancesurvey.co.uk/id/7000000000021698,http://data.ordnancesurvey.co.uk/ontology/admingeo/District,North Yorkshire,http://data.ordnancesurvey.co.uk/id/7000000000022028,http://data.ordnancesurvey.co.uk/ontology/admingeo/County,Yorkshire and the Humber,http://data.ordnancesurvey.co.uk/id/7000000000041430,England,http://data.ordnancesurvey.co.uk/id/country/england,,,
osgb4000000009434262,http://data.ordnancesurvey.co.uk/id/4000000009434262,Lower Greenfoot,,,,transportNetwork,Named Road,381992,463249,1000,20000,381951,463178,382078,463338,BD24,http://data.ordnancesurvey.co.uk/id/postcodedistrict/BD24,Settle,http://data.ordnancesurvey.co.uk/id/4000000074565008,http://www.ordnancesurvey.co.uk/xml/codelists/localtype.xml#town,Craven,http://data.ordnancesurvey.co.uk/id/7000000000021698,http://data.ordnancesurvey.co.uk/ontology/admingeo/District,North Yorkshire,http://data.ordnancesurvey.co.uk/id/7000000000022028,http://data.ordnancesurvey.co.uk/ontology/admingeo/County,Yorkshire and the Humber,http://data.ordnancesurvey.co.uk/id/7000000000041430,England,http://data.ordnancesurvey.co.uk/id/country/england,,,
osgb4000000009412333,http://data.ordnancesurvey.co.uk/id/4000000009412333,Hawthorns Lane,,,,transportNetwork,Named Road,391808,463400,8000,20000,391273,463393,392432,463808,BD23,http://data.ordnancesurvey.co.uk/id/postcodedistrict/BD23,,,,Craven,http://data.ordnancesurvey.co.uk/id/7000000000021698,http://data.ordnancesurvey.co.uk/ontology/admingeo/District,North Yorkshire,http://data.ordnancesurvey.co.uk/id/7000000000022028,http://data.ordnancesurvey.co.uk/ontology/admingeo/County,Yorkshire and the Humber,http://data.ordnancesurvey.co.uk/id/7000000000041430,England,http://data.ordnancesurvey.co.uk/id/country/england,,,
osgb5000005231366939,http://data.ordnancesurvey.co.uk/id/5000005231366939,Walden Road,,,,transportNetwork,Named Road,395468,475654,10000,20000,395322,474875,395587,476427,BD23,http://data.ordnancesurvey.co.uk/id/postcodedistrict/BD23,,,,Craven,http://data.ordnancesurvey.co.uk/id/7000000000021698,http://data.ordnancesurvey.co.uk/ontology/admingeo/District,North Yorkshire,http://data.ordnancesurvey.co.uk/id/7000000000022028,http://data.ordnancesurvey.co.uk/ontology/admingeo/County,Yorkshire and the Humber,http://data.ordnancesurvey.co.uk/id/7000000000041430,England,http://data.ordnancesurvey.co.uk/id/country/england,,,
osgb4000000009421068,http://data.ordnancesurvey.co.uk/id/4000000009421068,The Mains,,,,transportNetwork,Named Road,381271,464270,3000,20000,381270,464081,381363,464469,BD24,http://data.ordnancesurvey.co.uk/id/postcodedistrict/BD24,Giggleswick,http://data.ordnancesurvey.co.uk/id/4000000074565013,http://www.ordnancesurvey.co.uk/xml/codelists/localtype.xml#village,Craven,http://data.ordnancesurvey.co.uk/id/7000000000021698,http://data.ordnancesurvey.co.uk/ontology/admingeo/District,North Yorkshire,http://data.ordnancesurvey.co.uk/id/7000000000022028,http://data.ordnancesurvey.co.uk/ontology/admingeo/County,Yorkshire and the Humber,http://data.ordnancesurvey.co.uk/id/7000000000041430,England,http://data.ordnancesurvey.co.uk/id/country/england,,,
12eb70e9-82a3-4e0c-b08a-8380f066c696,http://data.ordnancesurvey.co.uk/id/12eb70e9-82a3-4e0c-b08a-8380f066c696,Highway,,,,transportNetwork,Section Of Named Road,382098,463974,3000,25000,382073,463716,382130,464211,BD24,http://data.ordnancesurvey.co.uk/id/postcodedistrict/BD24,Settle,http://data.ordnancesurvey.co.uk/id/4000000074565008,http://www.ordnancesurvey.co.uk/xml/codelists/localtype.xml#town,Craven,http://data.ordnancesurvey.co.uk/id/7000000000021698,http://data.ordnancesurvey.co.uk/ontology/admingeo/District,North Yorkshire,http://data.ordnancesurvey.co.uk/id/7000000000022028,http://data.ordnancesurvey.co.uk/ontology/admingeo/County,Yorkshire and the Humber,http://data.ordnancesurvey.co.uk/id/7000000000041430,England,http://data.ordnancesurvey.co.uk/id/country/england,osgb4000000009412305,,
osgb4000000009459110,http://data.ordnancesurvey.co.uk/id/4000000009459110,Rowan Lane,,,,transportNetwork,Named Road,397805,464952,1000,20000,397739,464927,397909,464987,BD23,http://data.ordnancesurvey.co.uk/id/postcodedistrict/BD23,Long Ashes,http://data.ordnancesurvey.co.uk/id/4000000074564364,http://www.ordnancesurvey.co.uk/xml/codelists/localtype.xml#village,Craven,http://data.ordnancesurvey.co.uk/id/7000000000021698,http://data.ordnancesurvey.co.uk/ontology/admingeo/District,North Yorkshire,http://data.ordnancesurvey.co.uk/id/7000000000022028,http://data.ordnancesurvey.co.uk/ontology/admingeo/County,Yorkshire and the Humber,http://data.ordnancesurvey.co.uk/id/7000000000041430,England,http://data.ordnancesurvey.co.uk/id/country/england,,,
osgb4000000009607848,http://data.ordnancesurvey.co.uk/id/4000000009607848,Home Croft,,,,transportNetwork,Named Road,399079,463609,1000,20000,399057,463609,399097,463625,BD23,http://data.ordnancesurvey.co.uk/id/postcodedistrict/BD23,Threshfield,http://data.ordnancesurvey.co.uk/id/4000000074564035,http://www.ordnancesurvey.co.uk/xml/codelists/localtype.xml#village,Craven,http://data.ordnancesurvey.co.uk/id/7000000000021698,http://data.ordnancesurvey.co.uk/ontology/admingeo/District,North Yorkshire,http://data.ordnancesurvey.co.uk/id/7000000000022028,http://data.ordnancesurvey.co.uk/ontology/admingeo/County,Yorkshire and the Humber,http://data.ordnancesurvey.co.uk/id/7000000000041430,England,http://data.ordnancesurvey.co.uk/id/country/england,,,
fb713436-0791-4e15-8746-8016108f88d6,http://data.ordnancesurvey.co.uk/id/fb713436-0791-4e15-8746-8016108f88d6,Stainforth Lane,,,,transportNetwork,Section Of Named Road,381578,465630,1000,25000,381530,465549,381612,465687,BD24,http://data.ordnancesurvey.co.uk/id/postcodedistrict/BD24,Stackhouse,http://data.ordnancesurvey.co.uk/id/4000000074565010,http://www.ordnancesurvey.co.uk/xml/codelists/localtype.xml#hamlet,Craven,http://data.ordnancesurvey.co.uk/id/7000000000021698,http://data.ordnancesurvey.co.uk/ontology/admingeo/District,North Yorkshire,http://data.ordnancesurvey.co.uk/id/7000000000022028,http://data.ordnancesurvey.co.uk/ontology/admingeo/County,Yorkshire and the Humber,http://data.ordnancesurvey.co.uk/id/7000000000041430,England,http://data.ordnancesurvey.co.uk/id/country/england,osgb4000000009411251,,
dacab9c5-fdbb-43a3-93ac-8e2134ce736d,http://data.ordnancesurvey.co.uk/id/dacab9c5-fdbb-43a3-93ac-8e2134ce736d,Out Gang Lane,,,,transportNetwork,Section Of Named Road,395497,470484,1000,25000,395395,470449,395591,470522,BD23,http://data.ordnancesurvey.co.uk/id/postcodedistrict/BD23,Hawkswick,http://data.ordnancesurvey.co.uk/id/4000000074564691,http://www.ordnancesurvey.co.uk/xml/codelists/localtype.xml#hamlet,Craven,http://data.ordnancesurvey.co.uk/id/7000000000021698,http://data.ordnancesurvey.co.uk/ontology/admingeo/District,North Yorkshire,http://data.ordnancesurvey.co.uk/id/7000000000022028,http://data.ordnancesurvey.co.uk/ontology/admingeo/County,Yorkshire and the Humber,http://data.ordnancesurvey.co.uk/id/7000000000041430,England,http://data.ordnancesurvey.co.uk/id/country/england,osgb4000000009414960,,
osgb5000005137611514,http://data.ordnancesurvey.co.uk/id/5000005137611514,Austwick Close,,,,transportNetwork,Named Road,381844,463031,1000,20000,381831,462974,381853,463094,BD24,http://data.ordnancesurvey.co.uk/id/postcodedistrict/BD24,Settle,http://data.ordnancesurvey.co.uk/id/4000000074565008,http://www.ordnancesurvey.co.uk/xml/codelists/localtype.xml#town,Craven,http://data.ordnancesurvey.co.uk/id/7000000000021698,http://data.ordnancesurvey.co.uk/ontology/admingeo/District,North Yorkshire,http://data.ordnancesurvey.co.uk/id/7000000000022028,http://data.ordnancesurvey.co.uk/ontology/admingeo/County,Yorkshire and the Humber,http://data.ordnancesurvey.co.uk/id/7000000000041430,England,http://data.ordnancesurvey.co.uk/id/country/england,,,
osgb4000000009459017,http://data.ordnancesurvey.co.uk/id/4000000009459017,Bucks Lane,,,,transportNetwork,Named Road,381071,463889,1000,20000,381038,463887,381090,463889,BD24,http://data.ordnancesurvey.co.uk/id/postcodedistrict/BD24,Giggleswick,http://data.ordnancesurvey.co.uk/id/4000000074565013,http://www.ordnancesurvey.co.uk/xml/codelists/localtype.xml#village,Craven,http://data.ordnancesurvey.co.uk/id/7000000000021698,http://data.ordnancesurvey.co.uk/ontology/admingeo/District,North Yorkshire,http://data.ordnancesurvey.co.uk/id/7000000000022028,http://data.ordnancesurvey.co.uk/ontology/admingeo/County,Yorkshire and the Humber,http://data.ordnancesurvey.co.uk/id/7000000000041430,England,http://data.ordnancesurvey.co.uk/id/country/england,,,
osgb4000000009434413,http://data.ordnancesurvey.co.uk/id/4000000009434413,Wood Acre Close,,,,transportNetwork,Named Road,398107,464806,1000,20000,398053,464773,398170,464844,BD23,http://data.ordnancesurvey.co.uk/id/postcodedistrict/BD23,Long Ashes,http://data.ordnancesurvey.co.uk/id/4000000074564364,http://www.ordnancesurvey.co.uk/xml/codelists/localtype.xml#village,Craven,http://data.ordnancesurvey.co.uk/id/7000000000021698,http://data.ordnancesurvey.co.uk/ontology/admingeo/District,North Yorkshire,http://data.ordnancesurvey.co.uk/id/7000000000022028,http://data.ordnancesurvey.co.uk/ontology/admingeo/County,Yorkshire and the Humber,http://data.ordnancesurvey.co.uk/id/7000000000041430,England,http://data.ordnancesurvey.co.uk/id/country/england,,,
osgb5000005184244923,http://data.ordnancesurvey.co.uk/id/5000005184244923,Tillman Close,,,,transportNetwork,Named Road,381700,463940,1000,20000,381658,463937,381723,463945,BD24,http://data.ordnancesurvey.co.uk/id/postcodedistrict/BD24,Settle,http://data.ordnancesurvey.co.uk/id/4000000074565008,http://www.ordnancesurvey.co.uk/xml/codelists/localtype.xml#town,Craven,http://data.ordnancesurvey.co.uk/id/7000000000021698,http://data.ordnancesurvey.co.uk/ontology/admingeo/District,North Yorkshire,http://data.ordnancesurvey.co.uk/id/7000000000022028,http://data.ordnancesurvey.co.uk/ontology/admingeo/County,Yorkshire and the Humber,http://data.ordnancesurvey.co.uk/id/7000000000041430,England,http://data.ordnancesurvey.co.uk/id/country/england,,,
osgb4000000009414894,http://data.ordnancesurvey.co.uk/id/4000000009414894,Station Road,,,,transportNetwork,Named Road,381482,463331,6000,20000,380947,463277,381935,463536,BD24,http://data.ordnancesurvey.co.uk/id/postcodedistrict/BD24,Settle,http://data.ordnancesurvey.co.uk/id/4000000074565008,http://www.ordnancesurvey.co.uk/xml/codelists/localtype.xml#town,Craven,http://data.ordnancesurvey.co.uk/id/7000000000021698,http://data.ordnancesurvey.co.uk/ontology/admingeo/District,North Yorkshire,http://data.ordnancesurvey.co.uk/id/7000000000022028,http://data.ordnancesurvey.co.uk/ontology/admingeo/County,Yorkshire and the Humber,http://data.ordnancesurvey.co.uk/id/7000000000041430,England,http://data.ordnancesurvey.co.uk/id/country/england,,,
osgb4000000009660130,http://data.ordnancesurvey.co.uk/id/4000000009660130,Brazengate,,,,transportNetwork,Named Road,397747,464772,1000,20000,397667,464739,397822,464784,BD23,http://data.ordnancesurvey.co.uk/id/postcodedistrict/BD23,,,,Craven,http://data.ordnancesurvey.co.uk/id/7000000000021698,http://data.ordnancesurvey.co.uk/ontology/admingeo/District,North Yorkshire,http://data.ordnancesurvey.co.uk/id/7000000000022028,http://data.ordnancesurvey.co.uk/ontology/admingeo/County,Yorkshire and the Humber,http://data.ordnancesurvey.co.uk/id/7000000000041430,England,http://data.ordnancesurvey.co.uk/id/country/england,,,
osgb4000000009449886,http://data.ordnancesurvey.co.uk/id/4000000009449886,Main Street,,,,transportNetwork,Named Road,389469,461035,1000,20000,389457,460972,389490,461078,BD23,http://data.ordnancesurvey.co.uk/id/postcodedistrict/BD23,Kirkby Malham,http://data.ordnancesurvey.co.uk/id/4000000074563390,http://www.ordnancesurvey.co.uk/xml/codelists/localtype.xml#village,Craven,http://data.ordnancesurvey.co.uk/id/7000000000021698,http://data.ordnancesurvey.co.uk/ontology/admingeo/District,North Yorkshire,http://data.ordnancesurvey.co.uk/id/7000000000022028,http://data.ordnancesurvey.co.uk/ontology/admingeo/County,Yorkshire and the Humber,http://data.ordnancesurvey.co.uk/id/7000000000041430,England,http://data.ordnancesurvey.co.uk/id/country/england,,,
osgb4000000009434279,http://data.ordnancesurvey.co.uk/id/4000000009434279,Howsons Lane,,,,transportNetwork,Named Road,382237,465089,1000,20000,382216,465039,382256,465143,BD24,http://data.ordnancesurvey.co.uk/id/postcodedistrict/BD24,Langcliffe,http://data.ordnancesurvey.co.uk/id/4000000074565009,http://www.ordnancesurvey.co.uk/xml/codelists/localtype.xml#village,Craven,http://data.ordnancesurvey.co.uk/id/7000000000021698,http://data.ordnancesurvey.co.uk/ontology/admingeo/District,North Yorkshire,http://data.ordnancesurvey.co.uk/id/7000000000022028,http://data.ordnancesurvey.co.uk/ontology/admingeo/County,Yorkshire and the Humber,http://data.ordnancesurvey.co.uk/id/7000000000041430,England,http://data.ordnancesurvey.co.uk/id/country/england,,,
osgb4000000009414928,http://data.ordnancesurvey.co.uk/id/4000000009414928,Smearbottoms Lane,,,,transportNetwork,Named Road,392416,464108,4000,20000,392388,463808,392566,464379,BD23,http://data.ordnancesurvey.co.uk/id/postcodedistrict/BD23,,,,Craven,http://data.ordnancesurvey.co.uk/id/7000000000021698,http://data.ordnancesurvey.co.uk/ontology/admingeo/District,North Yorkshire,http://data.ordnancesurvey.co.uk/id/7000000000022028,http://data.ordnancesurvey.co.uk/ontology/admingeo/County,Yorkshire and the Humber,http://data.ordnancesurvey.co.uk/id/7000000000041430,England,http://data.ordnancesurvey.co.uk/id/country/england,,,
osgb5000005232279912,http://data.ordnancesurvey.co.uk/id/5000005232279912,Paregill Lane,,,,transportNetwork,Named Road,390611,461409,2000,20000,390504,461319,390741,461511,BD23,http://data.ordnancesurvey.co.uk/id/postcodedistrict/BD23,,,,Craven,http://data.ordnancesurvey.co.uk/id/7000000000021698,http://data.ordnancesurvey.co.uk/ontology/admingeo/District,North Yorkshire,http://data.ordnancesurvey.co.uk/id/7000000000022028,http://data.ordnancesurvey.co.uk/ontology/admingeo/County,Yorkshire and the Humber,http://data.ordnancesurvey.co.uk/id/7000000000041430,England,http://data.ordnancesurvey.co.uk/id/country/england,,,
osgb4000000009459108,http://data.ordnancesurvey.co.uk/id/4000000009459108,Doctor Laithe,,,,transportNetwork,Named Road,399332,463844,1000,20000,399322,463825,399347,463864,BD23,http://data.ordnancesurvey.co.uk/id/postcodedistrict/BD23,Threshfield,http://data.ordnancesurvey.co.uk/id/4000000074564035,http://www.ordnancesurvey.co.uk/xml/codelists/localtype.xml#village,Craven,http://data.ordnancesurvey.co.uk/id/7000000000021698,http://data.ordnancesurvey.co.uk/ontology/admingeo/District,North Yorkshire,http://data.ordnancesurvey.co.uk/id/7000000000022028,http://data.ordnancesurvey.co.uk/ontology/admingeo/County,Yorkshire and the Humber,http://data.ordnancesurvey.co.uk/id/7000000000041430,England,http://data.ordnancesurvey.co.uk/id/country/england,,,
3e72cd31-415a-4e96-af75-5eca1ccbb7b6,http://data.ordnancesurvey.co.uk/id/3e72cd31-415a-4e96-af75-5eca1ccbb7b6,Mitchell Lane,,,,transportNetwork,Section Of Named Road,382469,463179,2000,25000,382335,463034,382507,463302,BD24,http://data.ordnancesurvey.co.uk/id/postcodedistrict/BD24,Settle,http://data.ordnancesurvey.co.uk/id/4000000074565008,http://www.ordnancesurvey.co.uk/xml/codelists/localtype.xml#town,Craven,http://data.ordnancesurvey.co.uk/id/7000000000021698,http://data.ordnancesurvey.co.uk/ontology/admingeo/District,North Yorkshire,http://data.ordnancesurvey.co.uk/id/7000000000022028,http://data.ordnancesurvey.co.uk/ontology/admingeo/County,Yorkshire and the Humber,http://data.ordnancesurvey.co.uk/id/7000000000041430,England,http://data.ordnancesurvey.co.uk/id/country/england,osgb4000000009414893,,
osgb4000000009411246,http://data.ordnancesurvey.co.uk/id/4000000009411246,Black Gill Lane,,,,transportNetwork,Named Road,385251,461998,15000,20000,384146,461593,386405,462456,BD23,http://data.ordnancesurvey.co.uk/id/postcodedistrict/BD23,,,,Craven,http://data.ordnancesurvey.co.uk/id/7000000000021698,http://data.ordnancesurvey.co.uk/ontology/admingeo/District,North Yorkshire,http://data.ordnancesurvey.co.uk/id/7000000000022028,http://data.ordnancesurvey.co.uk/ontology/admingeo/County,Yorkshire and the Humber,http://data.ordnancesurvey.co.uk/id/7000000000041430,England,http://data.ordnancesurvey.co.uk/id/country/england,,,
osgb4000000009434264,http://data.ordnancesurvey.co.uk/id/4000000009434264,Sandholme Close,,,,transportNetwork,Named Road,381289,463351,1000,20000,381262,463281,381317,463395,BD24,http://data.ordnancesurvey.co.uk/id/postcodedistrict/BD24,Giggleswick,http://data.ordnancesurvey.co.uk/id/4000000074565013,http://www.ordnancesurvey.co.uk/xml/codelists/localtype.xml#village,Craven,http://data.ordnancesurvey.co.uk/id/7000000000021698,http://data.ordnancesurvey.co.uk/ontology/admingeo/District,North Yorkshire,http://data.ordnancesurvey.co.uk/id/7000000000022028,http://data.ordnancesurvey.co.uk/ontology/admingeo/County,Yorkshire and the Humber,http://data.ordnancesurvey.co.uk/id/7000000000041430,England,http://data.ordnancesurvey.co.uk/id/country/england,,,
68eaa864-cde8-4960-b0cd-9334cdcef1c6,http://data.ordnancesurvey.co.uk/id/68eaa864-cde8-4960-b0cd-9334cdcef1c6,Conistone Lane,,,,transportNetwork,Section Of Named Road,397073,472165,1000,25000,397011,472073,397117,472259,BD23,http://data.ordnancesurvey.co.uk/id/postcodedistrict/BD23,Kettlewell,http://data.ordnancesurvey.co.uk/id/4000000074564692,http://www.ordnancesurvey.co.uk/xml/codelists/localtype.xml#village,Craven,http://data.ordnancesurvey.co.uk/id/7000000000021698,http://data.ordnancesurvey.co.uk/ontology/admingeo/District,North Yorkshire,http://data.ordnancesurvey.co.uk/id/7000000000022028,http://data.ordnancesurvey.co.uk/ontology/admingeo/County,Yorkshire and the Humber,http://data.ordnancesurvey.co.uk/id/7000000000041430,England,http://data.ordnancesurvey.co.uk/id/country/england,osgb4000000009449917,,
osgb4000000009449750,http://data.ordnancesurvey.co.uk/id/4000000009449750,Cheapside,,,,transportNetwork,Named Road,382010,463635,1000,20000,381958,463625,382024,463645,BD24,http://data.ordnancesurvey.co.uk/id/postcodedistrict/BD24,Settle,http://data.ordnancesurvey.co.uk/id/4000000074565008,http://www.ordnancesurvey.co.uk/xml/codelists/localtype.xml#town,Craven,http://data.ordnancesurvey.co.uk/id/7000000000021698,http://data.ordnancesurvey.co.uk/ontology/admingeo/District,North Yorkshire,http://data.ordnancesurvey.co.uk/id/7000000000022028,http://data.ordnancesurvey.co.uk/ontology/admingeo/County,Yorkshire and the Humber,http://data.ordnancesurvey.co.uk/id/7000000000041430,England,http://data.ordnancesurvey.co.uk/id/country/england,,,
osgb4000000009434273,http://data.ordnancesurvey.co.uk/id/4000000009434273,Yealand Avenue,,,,transportNetwork,Named Road,381375,464227,1000,20000,381318,464131,381384,464329,BD24,http://data.ordnancesurvey.co.uk/id/postcodedistrict/BD24,Giggleswick,http://data.ordnancesurvey.co.uk/id/4000000074565013,http://www.ordnancesurvey.co.uk/xml/codelists/localtype.xml#village,Craven,http://data.ordnancesurvey.co.uk/id/7000000000021698,http://data.ordnancesurvey.co.uk/ontology/admingeo/District,North Yorkshire,http://data.ordnancesurvey.co.uk/id/7000000000022028,http://data.ordnancesurvey.co.uk/ontology/admingeo/County,Yorkshire and the Humber,http://data.ordnancesurvey.co.uk/id/7000000000041430,England,http://data.ordnancesurvey.co.uk/id/country/england,,,
osgb4000000009414931,http://data.ordnancesurvey.co.uk/id/4000000009414931,Moor Lane,,,,transportNetwork,Named Road,398186,463164,8000,20000,397584,463023,398807,463273,BD23,http://data.ordnancesurvey.co.uk/id/postcodedistrict/BD23,,,,Craven,http://data.ordnancesurvey.co.uk/id/7000000000021698,http://data.ordnancesurvey.co.uk/ontology/admingeo/District,North Yorkshire,http://data.ordnancesurvey.co.uk/id/7000000000022028,http://data.ordnancesurvey.co.uk/ontology/admingeo/County,Yorkshire and the Humber,http://data.ordnancesurvey.co.uk/id/7000000000041430,England,http://data.ordnancesurvey.co.uk/id/country/england,,,
osgb4000000009449743,http://data.ordnancesurvey.co.uk/id/4000000009449743,Castle Hill,,,,transportNetwork,Named Road,382064,463664,1000,20000,382024,463625,382094,463716,BD24,http://data.ordnancesurvey.co.uk/id/postcodedistrict/BD24,Settle,http://data.ordnancesurvey.co.uk/id/4000000074565008,http://www.ordnancesurvey.co.uk/xml/codelists/localtype.xml#town,Craven,http://data.ordnancesurvey.co.uk/id/7000000000021698,http://data.ordnancesurvey.co.uk/ontology/admingeo/District,North Yorkshire,http://data.ordnancesurvey.co.uk/id/7000000000022028,http://data.ordnancesurvey.co.uk/ontology/admingeo/County,Yorkshire and the Humber,http://data.ordnancesurvey.co.uk/id/7000000000041430,England,http://data.ordnancesurvey.co.uk/id/country/england,,,
osgb4000000009434278,http://data.ordnancesurvey.co.uk/id/4000000009434278,Victoria Street,,,,transportNetwork,Named Road,382091,463482,1000,20000,382047,463387,382155,463563,BD24,http://data.ordnancesurvey.co.uk/id/postcodedistrict/BD24,Settle,http://data.ordnancesurvey.co.uk/id/4000000074565008,http://www.ordnancesurvey.co.uk/xml/codelists/localtype.xml#town,Craven,http://data.ordnancesurvey.co.uk/id/7000000000021698,http://data.ordnancesurvey.co.uk/ontology/admingeo/District,North Yorkshire,http://data.ordnancesurvey.co.uk/id/7000000000022028,http://data.ordnancesurvey.co.uk/ontology/admingeo/County,Yorkshire and the Humber,http://data.ordnancesurvey.co.uk/id/7000000000041430,England,http://data.ordnancesurvey.co.uk/id/country/england,,,
8cc52921-8dbe-437f-9835-60dceb298705,http://data.ordnancesurvey.co.uk/id/8cc52921-8dbe-437f-9835-60dceb298705,Gordale Lane,,,,transportNetwork,Section Of Named Road,390383,462950,1000,25000,390329,462936,390420,462954,BD23,http://data.ordnancesurvey.co.uk/id/postcodedistrict/BD23,Malham,http://data.ordnancesurvey.co.uk/id/4000000074564690,http://www.ordnancesurvey.co.uk/xml/codelists/localtype.xml#village,Craven,http://data.ordnancesurvey.co.uk/id/7000000000021698,http://data.ordnancesurvey.co.uk/ontology/admingeo/District,North Yorkshire,http://data.ordnancesurvey.co.uk/id/7000000000022028,http://data.ordnancesurvey.co.uk/ontology/admingeo/County,Yorkshire and the Humber,http://data.ordnancesurvey.co.uk/id/7000000000041430,England,http://data.ordnancesurvey.co.uk/id/country/england,osgb4000000009412332,,
osgb4000000009421064,http://data.ordnancesurvey.co.uk/id/4000000009421064,Duke Street,,,,transportNetwork,Named Road,381838,463363,4000,20000,381672,463106,381958,463645,BD24,http://data.ordnancesurvey.co.uk/id/postcodedistrict/BD24,Settle,http://data.ordnancesurvey.co.uk/id/4000000074565008,http://www.ordnancesurvey.co.uk/xml/codelists/localtype.xml#town,Craven,http://data.ordnancesurvey.co.uk/id/7000000000021698,http://data.ordnancesurvey.co.uk/ontology/admingeo/District,North Yorkshire,http://data.ordnancesurvey.co.uk/id/7000000000022028,http://data.ordnancesurvey.co.uk/ontology/admingeo/County,Yorkshire and the Humber,http://data.ordnancesurvey.co.uk/id/7000000000041430,England,http://data.ordnancesurvey.co.uk/id/country/england,,,
osgb4000000009434277,http://data.ordnancesurvey.co.uk/id/4000000009434277,School Hill,,,,transportNetwork,Named Road,382108,463496,1000,20000,382070,463425,382132,463549,BD24,http://data.ordnancesurvey.co.uk/id/postcodedistrict/BD24,Settle,http://data.ordnancesurvey.co.uk/id/4000000074565008,http://www.ordnancesurvey.co.uk/xml/codelists/localtype.xml#town,Craven,http://data.ordnancesurvey.co.uk/id/7000000000021698,http://data.ordnancesurvey.co.uk/ontology/admingeo/District,North Yorkshire,http://data.ordnancesurvey.co.uk/id/7000000000022028,http://data.ordnancesurvey.co.uk/ontology/admingeo/County,Yorkshire and the Humber,http://data.ordnancesurvey.co.uk/id/7000000000041430,England,http://data.ordnancesurvey.co.uk/id/country/england,,,
osgb4000000009412332,http://data.ordnancesurvey.co.uk/id/4000000009412332,Gordale Lane,,,,transportNetwork,Named Road,390811,463147,6000,20000,390329,462884,391273,463448,BD23,http://data.ordnancesurvey.co.uk/id/postcodedistrict/BD23,,,,Craven,http://data.ordnancesurvey.co.uk/id/7000000000021698,http://data.ordnancesurvey.co.uk/ontology/admingeo/District,North Yorkshire,http://data.ordnancesurvey.co.uk/id/7000000000022028,http://data.ordnancesurvey.co.uk/ontology/admingeo/County,Yorkshire and the Humber,http://data.ordnancesurvey.co.uk/id/7000000000041430,England,http://data.ordnancesurvey.co.uk/id/country/england,,,
osgb4000000009414959,http://data.ordnancesurvey.co.uk/id/4000000009414959,Brootes Lane,,,,transportNetwork,Named Road,392816,471681,3000,20000,392600,471494,393017,471951,BD23,http://data.ordnancesurvey.co.uk/id/postcodedistrict/BD23,,,,Craven,http://data.ordnancesurvey.co.uk/id/7000000000021698,http://data.ordnancesurvey.co.uk/ontology/admingeo/District,North Yorkshire,http://data.ordnancesurvey.co.uk/id/7000000000022028,http://data.ordnancesurvey.co.uk/ontology/admingeo/County,Yorkshire and the Humber,http://data.ordnancesurvey.co.uk/id/7000000000041430,England,http://data.ordnancesurvey.co.uk/id/country/england,,,
da3a053c-f960-4c14-9f2b-ed3c13bcb18f,http://data.ordnancesurvey.co.uk/id/da3a053c-f960-4c14-9f2b-ed3c13bcb18f,Goat Scar Lane,,,,transportNetwork,Section Of Named Road,382327,467375,1000,25000,382291,467355,382360,467389,BD24,http://data.ordnancesurvey.co.uk/id/postcodedistrict/BD24,Stainforth,http://data.ordnancesurvey.co.uk/id/4000000074565011,http://www.ordnancesurvey.co.uk/xml/codelists/localtype.xml#village,Craven,http://data.ordnancesurvey.co.uk/id/7000000000021698,http://data.ordnancesurvey.co.uk/ontology/admingeo/District,North Yorkshire,http://data.ordnancesurvey.co.uk/id/7000000000022028,http://data.ordnancesurvey.co.uk/ontology/admingeo/County,Yorkshire and the Humber,http://data.ordnancesurvey.co.uk/id/7000000000041430,England,http://data.ordnancesurvey.co.uk/id/country/england,osgb5000005232274705,,
117580ab-62c5-4c99-a347-0d2a09b5e094,http://data.ordnancesurvey.co.uk/id/117580ab-62c5-4c99-a347-0d2a09b5e094,Stackhouse Lane,,,,transportNetwork,Section Of Named Road,381467,464244,2000,25000,381425,464105,381491,464371,BD24,http://data.ordnancesurvey.co.uk/id/postcodedistrict/BD24,Giggleswick,http://data.ordnancesurvey.co.uk/id/4000000074565013,http://www.ordnancesurvey.co.uk/xml/codelists/localtype.xml#village,Craven,http://data.ordnancesurvey.co.uk/id/7000000000021698,http://data.ordnancesurvey.co.uk/ontology/admingeo/District,North Yorkshire,http://data.ordnancesurvey.co.uk/id/7000000000022028,http://data.ordnancesurvey.co.uk/ontology/admingeo/County,Yorkshire and the Humber,http://data.ordnancesurvey.co.uk/id/7000000000041430,England,http://data.ordnancesurvey.co.uk/id/country/england,osgb4000000009412306,,
osgb4000000009652510,http://data.ordnancesurvey.co.uk/id/4000000009652510,Ingfield Estate,,,,transportNetwork,Named Road,381647,463035,1000,20000,381599,462978,381672,463106,BD24,http://data.ordnancesurvey.co.uk/id/postcodedistrict/BD24,Settle,http://data.ordnancesurvey.co.uk/id/4000000074565008,http://www.ordnancesurvey.co.uk/xml/codelists/localtype.xml#town,Craven,http://data.ordnancesurvey.co.uk/id/7000000000021698,http://data.ordnancesurvey.co.uk/ontology/admingeo/District,North Yorkshire,http://data.ordnancesurvey.co.uk/id/7000000000022028,http://data.ordnancesurvey.co.uk/ontology/admingeo/County,Yorkshire and the Humber,http://data.ordnancesurvey.co.uk/id/7000000000041430,England,http://data.ordnancesurvey.co.uk/id/country/england,,,
osgb4000000009631541,http://data.ordnancesurvey.co.uk/id/4000000009631541,Ribble Bank,,,,transportNetwork,Named Road,382168,465697,1000,20000,382138,465659,382178,465719,BD24,http://data.ordnancesurvey.co.uk/id/postcodedistrict/BD24,Langcliffe,http://data.ordnancesurvey.co.uk/id/4000000074565009,http://www.ordnancesurvey.co.uk/xml/codelists/localtype.xml#village,Craven,http://data.ordnancesurvey.co.uk/id/7000000000021698,http://data.ordnancesurvey.co.uk/ontology/admingeo/District,North Yorkshire,http://data.ordnancesurvey.co.uk/id/7000000000022028,http://data.ordnancesurvey.co.uk/ontology/admingeo/County,Yorkshire and the Humber,http://data.ordnancesurvey.co.uk/id/7000000000041430,England,http://data.ordnancesurvey.co.uk/id/country/england,,,
osgb4000000009449753,http://data.ordnancesurvey.co.uk/id/4000000009449753,Northfields Avenue,,,,transportNetwork,Named Road,381812,464082,1000,20000,381773,464029,381870,464096,BD24,http://data.ordnancesurvey.co.uk/id/postcodedistrict/BD24,Settle,http://data.ordnancesurvey.co.uk/id/4000000074565008,http://www.ordnancesurvey.co.uk/xml/codelists/localtype.xml#town,Craven,http://data.ordnancesurvey.co.uk/id/7000000000021698,http://data.ordnancesurvey.co.uk/ontology/admingeo/District,North Yorkshire,http://data.ordnancesurvey.co.uk/id/7000000000022028,http://data.ordnancesurvey.co.uk/ontology/admingeo/County,Yorkshire and the Humber,http://data.ordnancesurvey.co.uk/id/7000000000041430,England,http://data.ordnancesurvey.co.uk/id/country/england,,,
5b412344-4443-4127-a711-cf69e9d17266,http://data.ordnancesurvey.co.uk/id/5b412344-4443-4127-a711-cf69e9d17266,Rakes,,,,transportNetwork,Section Of Named Road,398901,463430,1000,25000,398873,463342,398946,463518,BD23,http://data.ordnancesurvey.co.uk/id/postcodedistrict/BD23,Threshfield,http://data.ordnancesurvey.co.uk/id/4000000074564035,http://www.ordnancesurvey.co.uk/xml/codelists/localtype.xml#village,Craven,http://data.ordnancesurvey.co.uk/id/7000000000021698,http://data.ordnancesurvey.co.uk/ontology/admingeo/District,North Yorkshire,http://data.ordnancesurvey.co.uk/id/7000000000022028,http://data.ordnancesurvey.co.uk/ontology/admingeo/County,Yorkshire and the Humber,http://data.ordnancesurvey.co.uk/id/7000000000041430,England,http://data.ordnancesurvey.co.uk/id/country/england,osgb4000000009412336,,
osgb4000000009434271,http://data.ordnancesurvey.co.uk/id/4000000009434271,New Road,,,,transportNetwork,Named Road,381566,463513,1000,20000,381558,463468,381577,463632,BD24,http://data.ordnancesurvey.co.uk/id/postcodedistrict/BD24,Settle,http://data.ordnancesurvey.co.uk/id/4000000074565008,http://www.ordnancesurvey.co.uk/xml/codelists/localtype.xml#town,Craven,http://data.ordnancesurvey.co.uk/id/7000000000021698,http://data.ordnancesurvey.co.uk/ontology/admingeo/District,North Yorkshire,http://data.ordnancesurvey.co.uk/id/7000000000022028,http://data.ordnancesurvey.co.uk/ontology/admingeo/County,Yorkshire and the Humber,http://data.ordnancesurvey.co.uk/id/7000000000041430,England,http://data.ordnancesurvey.co.uk/id/country/england,,,
osgb4000000009606555,http://data.ordnancesurvey.co.uk/id/4000000009606555,Kings Mill,,,,transportNetwork,Named Road,381411,463848,1000,20000,381411,463831,381446,463848,BD24,http://data.ordnancesurvey.co.uk/id/postcodedistrict/BD24,Settle,http://data.ordnancesurvey.co.uk/id/4000000074565008,http://www.ordnancesurvey.co.uk/xml/codelists/localtype.xml#town,Craven,http://data.ordnancesurvey.co.uk/id/7000000000021698,http://data.ordnancesurvey.co.uk/ontology/admingeo/District,North Yorkshire,http://data.ordnancesurvey.co.uk/id/7000000000022028,http://data.ordnancesurvey.co.uk/ontology/admingeo/County,Yorkshire and the Humber,http://data.ordnancesurvey.co.uk/id/7000000000041430,England,http://data.ordnancesurvey.co.uk/id/country/england,,,
48ed4d32-96bc-4ede-8c18-55f5068e4878,http://data.ordnancesurvey.co.uk/id/48ed4d32-96bc-4ede-8c18-55f5068e4878,Pike Lane,,,,transportNetwork,Section Of Named Road,382263,465141,1000,25000,382256,465070,382296,465238,BD24,http://data.ordnancesurvey.co.uk/id/postcodedistrict/BD24,Langcliffe,http://data.ordnancesurvey.co.uk/id/4000000074565009,http://www.ordnancesurvey.co.uk/xml/codelists/localtype.xml#village,Craven,http://data.ordnancesurvey.co.uk/id/7000000000021698,http://data.ordnancesurvey.co.uk/ontology/admingeo/District,North Yorkshire,http://data.ordnancesurvey.co.uk/id/7000000000022028,http://data.ordnancesurvey.co.uk/ontology/admingeo/County,Yorkshire and the Humber,http://data.ordnancesurvey.co.uk/id/7000000000041430,England,http://data.ordnancesurvey.co.uk/id/country/england,osgb4000000009449757,,
osgb4000000009607846,http://data.ordnancesurvey.co.uk/id/4000000009607846,Tarns Lane,,,,transportNetwork,Named Road,398612,462610,9000,20000,398542,461819,398807,463264,BD23,http://data.ordnancesurvey.co.uk/id/postcodedistrict/BD23,,,,Craven,http://data.ordnancesurvey.co.uk/id/7000000000021698,http://data.ordnancesurvey.co.uk/ontology/admingeo/District,North Yorkshire,http://data.ordnancesurvey.co.uk/id/7000000000022028,http://data.ordnancesurvey.co.uk/ontology/admingeo/County,Yorkshire and the Humber,http://data.ordnancesurvey.co.uk/id/7000000000041430,England,http://data.ordnancesurvey.co.uk/id/country/england,,,
bf0e485d-c47d-46b0-868d-4bc7d952eaf8,http://data.ordnancesurvey.co.uk/id/bf0e485d-c47d-46b0-868d-4bc7d952eaf8,Monk's Road,,,,transportNetwork,Section Of Named Road,393038,471729,2000,25000,392935,471609,393158,471849,BD23,http://data.ordnancesurvey.co.uk/id/postcodedistrict/BD23,Arncliffe,http://data.ordnancesurvey.co.uk/id/4000000074564694,http://www.ordnancesurvey.co.uk/xml/codelists/localtype.xml#village,Craven,http://data.ordnancesurvey.co.uk/id/7000000000021698,http://data.ordnancesurvey.co.uk/ontology/admingeo/District,North Yorkshire,http://data.ordnancesurvey.co.uk/id/7000000000022028,http://data.ordnancesurvey.co.uk/ontology/admingeo/County,Yorkshire and the Humber,http://data.ordnancesurvey.co.uk/id/7000000000041430,England,http://data.ordnancesurvey.co.uk/id/country/england,osgb4000000009434443,,
0eef9599-4f0d-4511-aaa5-7c93ae7b95bf,http://data.ordnancesurvey.co.uk/id/0eef9599-4f0d-4511-aaa5-7c93ae7b95bf,Hunters View,,,,transportNetwork,Section Of Named Road,380878,463280,1000,25000,380858,463263,380896,463293,BD24,http://data.ordnancesurvey.co.uk/id/postcodedistrict/BD24,Giggleswick,http://data.ordnancesurvey.co.uk/id/4000000074565013,http://www.ordnancesurvey.co.uk/xml/codelists/localtype.xml#village,Craven,http://data.ordnancesurvey.co.uk/id/7000000000021698,http://data.ordnancesurvey.co.uk/ontology/admingeo/District,North Yorkshire,http://data.ordnancesurvey.co.uk/id/7000000000022028,http://data.ordnancesurvey.co.uk/ontology/admingeo/County,Yorkshire and the Humber,http://data.ordnancesurvey.co.uk/id/7000000000041430,England,http://data.ordnancesurvey.co.uk/id/country/england,osgb5000005224569436,,
dfc4b525-a51b-4a28-b4ca-9b657f03c483,http://data.ordnancesurvey.co.uk/id/dfc4b525-a51b-4a28-b4ca-9b657f03c483,Garrows Lane,,,,transportNetwork,Section Of Named Road,399685,462630,1000,25000,399680,462598,399686,462657,BD23,http://data.ordnancesurvey.co.uk/id/postcodedistrict/BD23,Linton,http://data.ordnancesurvey.co.uk/id/4000000074564034,http://www.ordnancesurvey.co.uk/xml/codelists/localtype.xml#village,Craven,http://data.ordnancesurvey.co.uk/id/7000000000021698,http://data.ordnancesurvey.co.uk/ontology/admingeo/District,North Yorkshire,http://data.ordnancesurvey.co.uk/id/7000000000022028,http://data.ordnancesurvey.co.uk/ontology/admingeo/County,Yorkshire and the Humber,http://data.ordnancesurvey.co.uk/id/7000000000041430,England,http://data.ordnancesurvey.co.uk/id/country/england,osgb5000005232279572,,
osgb4000000009412336,http://data.ordnancesurvey.co.uk/id/4000000009412336,Rakes,,,,transportNetwork,Named Road,398887,463382,2000,20000,398807,463264,398946,463518,BD23,http://data.ordnancesurvey.co.uk/id/postcodedistrict/BD23,Threshfield,http://data.ordnancesurvey.co.uk/id/4000000074564035,http://www.ordnancesurvey.co.uk/xml/codelists/localtype.xml#village,Craven,http://data.ordnancesurvey.co.uk/id/7000000000021698,http://data.ordnancesurvey.co.uk/ontology/admingeo/District,North Yorkshire,http://data.ordnancesurvey.co.uk/id/7000000000022028,http://data.ordnancesurvey.co.uk/ontology/admingeo/County,Yorkshire and the Humber,http://data.ordnancesurvey.co.uk/id/7000000000041430,England,http://data.ordnancesurvey.co.uk/id/country/england,,,
osgb5000005232274708,http://data.ordnancesurvey.co.uk/id/5000005232274708,Long Lane,,,,transportNetwork,Named Road,382498,470831,17000,20000,381372,469541,384030,471865,BD24,http://data.ordnancesurvey.co.uk/id/postcodedistrict/BD24,,,,Craven,http://data.ordnancesurvey.co.uk/id/7000000000021698,http://data.ordnancesurvey.co.uk/ontology/admingeo/District,North Yorkshire,http://data.ordnancesurvey.co.uk/id/7000000000022028,http://data.ordnancesurvey.co.uk/ontology/admingeo/County,Yorkshire and the Humber,http://data.ordnancesurvey.co.uk/id/7000000000041430,England,http://data.ordnancesurvey.co.uk/id/country/england,,,
osgb4000000009449916,http://data.ordnancesurvey.co.uk/id/4000000009449916,Coates Lane,,,,transportNetwork,Named Road,395355,474785,1000,20000,395304,474771,395400,474811,BD23,http://data.ordnancesurvey.co.uk/id/postcodedistrict/BD23,Starbotton,http://data.ordnancesurvey.co.uk/id/4000000074564693,http://www.ordnancesurvey.co.uk/xml/codelists/localtype.xml#village,Craven,http://data.ordnancesurvey.co.uk/id/7000000000021698,http://data.ordnancesurvey.co.uk/ontology/admingeo/District,North Yorkshire,http://data.ordnancesurvey.co.uk/id/7000000000022028,http://data.ordnancesurvey.co.uk/ontology/admingeo/County,Yorkshire and the Humber,http://data.ordnancesurvey.co.uk/id/7000000000041430,England,http://data.ordnancesurvey.co.uk/id/country/england,,,
72aa3f34-9678-4f33-b302-b3c39480d0a8,http://data.ordnancesurvey.co.uk/id/72aa3f34-9678-4f33-b302-b3c39480d0a8,Chapel Gate,,,,transportNetwork,Section Of Named Road,390078,462696,1000,25000,389995,462632,390092,462808,BD23,http://data.ordnancesurvey.co.uk/id/postcodedistrict/BD23,Malham,http://data.ordnancesurvey.co.uk/id/4000000074564690,http://www.ordnancesurvey.co.uk/xml/codelists/localtype.xml#village,Craven,http://data.ordnancesurvey.co.uk/id/7000000000021698,http://data.ordnancesurvey.co.uk/ontology/admingeo/District,North Yorkshire,http://data.ordnancesurvey.co.uk/id/7000000000022028,http://data.ordnancesurvey.co.uk/ontology/admingeo/County,Yorkshire and the Humber,http://data.ordnancesurvey.co.uk/id/7000000000041430,England,http://data.ordnancesurvey.co.uk/id/country/england,osgb4000000009412331,,
osgb4000000009460982,http://data.ordnancesurvey.co.uk/id/4000000009460982,Mainsfield Close,,,,transportNetwork,Named Road,381448,464248,1000,20000,381443,464244,381467,464256,BD24,http://data.ordnancesurvey.co.uk/id/postcodedistrict/BD24,Giggleswick,http://data.ordnancesurvey.co.uk/id/4000000074565013,http://www.ordnancesurvey.co.uk/xml/codelists/localtype.xml#village,Craven,http://data.ordnancesurvey.co.uk/id/7000000000021698,http://data.ordnancesurvey.co.uk/ontology/admingeo/District,North Yorkshire,http://data.ordnancesurvey.co.uk/id/7000000000022028,http://data.ordnancesurvey.co.uk/ontology/admingeo/County,Yorkshire and the Humber,http://data.ordnancesurvey.co.uk/id/7000000000041430,England,http://data.ordnancesurvey.co.uk/id/country/england,,,
osgb4000000009606556,http://data.ordnancesurvey.co.uk/id/4000000009606556,Ivy Dene Close,,,,transportNetwork,Named Road,381662,463173,1000,20000,381646,463173,381662,463178,BD24,http://data.ordnancesurvey.co.uk/id/postcodedistrict/BD24,Settle,http://data.ordnancesurvey.co.uk/id/4000000074565008,http://www.ordnancesurvey.co.uk/xml/codelists/localtype.xml#town,Craven,http://data.ordnancesurvey.co.uk/id/7000000000021698,http://data.ordnancesurvey.co.uk/ontology/admingeo/District,North Yorkshire,http://data.ordnancesurvey.co.uk/id/7000000000022028,http://data.ordnancesurvey.co.uk/ontology/admingeo/County,Yorkshire and the Humber,http://data.ordnancesurvey.co.uk/id/7000000000041430,England,http://data.ordnancesurvey.co.uk/id/country/england,,,
osgb5000005231366551,http://data.ordnancesurvey.co.uk/id/5000005231366551,Horton Scar Lane,,,,transportNetwork,Named Road,381722,473281,12000,20000,380881,472428,382291,474277,BD24,http://data.ordnancesurvey.co.uk/id/postcodedistrict/BD24,,,,Craven,http://data.ordnancesurvey.co.uk/id/7000000000021698,http://data.ordnancesurvey.co.uk/ontology/admingeo/District,North Yorkshire,http://data.ordnancesurvey.co.uk/id/7000000000022028,http://data.ordnancesurvey.co.uk/ontology/admingeo/County,Yorkshire and the Humber,http://data.ordnancesurvey.co.uk/id/7000000000041430,England,http://data.ordnancesurvey.co.uk/id/country/england,,,
osgb4000000009449918,http://data.ordnancesurvey.co.uk/id/4000000009449918,The Green,,,,transportNetwork,Named Road,397046,472275,1000,20000,397011,472251,397089,472296,BD23,http://data.ordnancesurvey.co.uk/id/postcodedistrict/BD23,Kettlewell,http://data.ordnancesurvey.co.uk/id/4000000074564692,http://www.ordnancesurvey.co.uk/xml/codelists/localtype.xml#village,Craven,http://data.ordnancesurvey.co.uk/id/7000000000021698,http://data.ordnancesurvey.co.uk/ontology/admingeo/District,North Yorkshire,http://data.ordnancesurvey.co.uk/id/7000000000022028,http://data.ordnancesurvey.co.uk/ontology/admingeo/County,Yorkshire and the Humber,http://data.ordnancesurvey.co.uk/id/7000000000041430,England,http://data.ordnancesurvey.co.uk/id/country/england,,,
osgb4000000009719982,http://data.ordnancesurvey.co.uk/id/4000000009719982,Mossdale,,,,transportNetwork,Named Road,397908,464946,1000,20000,397899,464930,397909,464965,BD23,http://data.ordnancesurvey.co.uk/id/postcodedistrict/BD23,Long Ashes,http://data.ordnancesurvey.co.uk/id/4000000074564364,http://www.ordnancesurvey.co.uk/xml/codelists/localtype.xml#village,Craven,http://data.ordnancesurvey.co.uk/id/7000000000021698,http://data.ordnancesurvey.co.uk/ontology/admingeo/District,North Yorkshire,http://data.ordnancesurvey.co.uk/id/7000000000022028,http://data.ordnancesurvey.co.uk/ontology/admingeo/County,Yorkshire and the Humber,http://data.ordnancesurvey.co.uk/id/7000000000041430,England,http://data.ordnancesurvey.co.uk/id/country/england,,,
osgb5000005191881100,http://data.ordnancesurvey.co.uk/id/5000005191881100,The Green,,,,transportNetwork,Named Road,382202,463283,1000,20000,382183,463245,382202,463312,BD24,http://data.ordnancesurvey.co.uk/id/postcodedistrict/BD24,Settle,http://data.ordnancesurvey.co.uk/id/4000000074565008,http://www.ordnancesurvey.co.uk/xml/codelists/localtype.xml#town,Craven,http://data.ordnancesurvey.co.uk/id/7000000000021698,http://data.ordnancesurvey.co.uk/ontology/admingeo/District,North Yorkshire,http://data.ordnancesurvey.co.uk/id/7000000000022028,http://data.ordnancesurvey.co.uk/ontology/admingeo/County,Yorkshire and the Humber,http://data.ordnancesurvey.co.uk/id/7000000000041430,England,http://data.ordnancesurvey.co.uk/id/country/england,,,
osgb4000000009434408,http://data.ordnancesurvey.co.uk/id/4000000009434408,Main Street,,,,transportNetwork,Named Road,398985,463571,1000,20000,398946,463518,398999,463629,BD23,http://data.ordnancesurvey.co.uk/id/postcodedistrict/BD23,Threshfield,http://data.ordnancesurvey.co.uk/id/4000000074564035,http://www.ordnancesurvey.co.uk/xml/codelists/localtype.xml#village,Craven,http://data.ordnancesurvey.co.uk/id/7000000000021698,http://data.ordnancesurvey.co.uk/ontology/admingeo/District,North Yorkshire,http://data.ordnancesurvey.co.uk/id/7000000000022028,http://data.ordnancesurvey.co.uk/ontology/admingeo/County,Yorkshire and the Humber,http://data.ordnancesurvey.co.uk/id/7000000000041430,England,http://data.ordnancesurvey.co.uk/id/country/england,,,
osgb4000000009411258,http://data.ordnancesurvey.co.uk/id/4000000009411258,Buckden Wood Lane,,,,transportNetwork,Named Road,393760,478141,13000,20000,393606,477217,394213,479204,BD23,http://data.ordnancesurvey.co.uk/id/postcodedistrict/BD23,,,,Craven,http://data.ordnancesurvey.co.uk/id/7000000000021698,http://data.ordnancesurvey.co.uk/ontology/admingeo/District,North Yorkshire,http://data.ordnancesurvey.co.uk/id/7000000000022028,http://data.ordnancesurvey.co.uk/ontology/admingeo/County,Yorkshire and the Humber,http://data.ordnancesurvey.co.uk/id/7000000000041430,England,http://data.ordnancesurvey.co.uk/id/country/england,,,
osgb4000000009631124,http://data.ordnancesurvey.co.uk/id/4000000009631124,Kirkby Brow,,,,transportNetwork,Named Road,389783,461750,7000,20000,389594,461189,389947,462341,BD23,http://data.ordnancesurvey.co.uk/id/postcodedistrict/BD23,,,,Craven,http://data.ordnancesurvey.co.uk/id/7000000000021698,http://data.ordnancesurvey.co.uk/ontology/admingeo/District,North Yorkshire,http://data.ordnancesurvey.co.uk/id/7000000000022028,http://data.ordnancesurvey.co.uk/ontology/admingeo/County,Yorkshire and the Humber,http://data.ordnancesurvey.co.uk/id/7000000000041430,England,http://data.ordnancesurvey.co.uk/id/country/england,,,
osgb4000000009434441,http://data.ordnancesurvey.co.uk/id/4000000009434441,Main Road,,,,transportNetwork,Named Road,382150,467240,2000,20000,382131,467111,382161,467385,BD24,http://data.ordnancesurvey.co.uk/id/postcodedistrict/BD24,Stainforth,http://data.ordnancesurvey.co.uk/id/4000000074565011,http://www.ordnancesurvey.co.uk/xml/codelists/localtype.xml#village,Craven,http://data.ordnancesurvey.co.uk/id/7000000000021698,http://data.ordnancesurvey.co.uk/ontology/admingeo/District,North Yorkshire,http://data.ordnancesurvey.co.uk/id/7000000000022028,http://data.ordnancesurvey.co.uk/ontology/admingeo/County,Yorkshire and the Humber,http://data.ordnancesurvey.co.uk/id/7000000000041430,England,http://data.ordnancesurvey.co.uk/id/country/england,,,
osgb4000000009606549,http://data.ordnancesurvey.co.uk/id/4000000009606549,Lords Close,,,,transportNetwork,Named Road,381114,463463,1000,20000,381082,463373,381151,463540,BD24,http://data.ordnancesurvey.co.uk/id/postcodedistrict/BD24,Giggleswick,http://data.ordnancesurvey.co.uk/id/4000000074565013,http://www.ordnancesurvey.co.uk/xml/codelists/localtype.xml#village,Craven,http://data.ordnancesurvey.co.uk/id/7000000000021698,http://data.ordnancesurvey.co.uk/ontology/admingeo/District,North Yorkshire,http://data.ordnancesurvey.co.uk/id/7000000000022028,http://data.ordnancesurvey.co.uk/ontology/admingeo/County,Yorkshire and the Humber,http://data.ordnancesurvey.co.uk/id/7000000000041430,England,http://data.ordnancesurvey.co.uk/id/country/england,,,
bc5e22f3-d25d-4724-ae18-05180f3a2fcc,http://data.ordnancesurvey.co.uk/id/bc5e22f3-d25d-4724-ae18-05180f3a2fcc,Grass Wood Lane,,,,transportNetwork,Section Of Named Road,399865,464407,3000,25000,399615,464114,400057,464636,BD23,http://data.ordnancesurvey.co.uk/id/postcodedistrict/BD23,Grassington,http://data.ordnancesurvey.co.uk/id/4000000074564363,http://www.ordnancesurvey.co.uk/xml/codelists/localtype.xml#village,Craven,http://data.ordnancesurvey.co.uk/id/7000000000021698,http://data.ordnancesurvey.co.uk/ontology/admingeo/District,North Yorkshire,http://data.ordnancesurvey.co.uk/id/7000000000022028,http://data.ordnancesurvey.co.uk/ontology/admingeo/County,Yorkshire and the Humber,http://data.ordnancesurvey.co.uk/id/7000000000041430,England,http://data.ordnancesurvey.co.uk/id/country/england,osgb4000000010925492,,
ce60557c-9d7f-4034-8700-700e0550f2e2,http://data.ordnancesurvey.co.uk/id/ce60557c-9d7f-4034-8700-700e0550f2e2,Horton Scar Lane,,,,transportNetwork,Section Of Named Road,380968,472476,1000,25000,380881,472428,381061,472483,BD24,http://data.ordnancesurvey.co.uk/id/postcodedistrict/BD24,Horton in Ribblesdale,http://data.ordnancesurvey.co.uk/id/4000000074565640,http://www.ordnancesurvey.co.uk/xml/codelists/localtype.xml#village,Craven,http://data.ordnancesurvey.co.uk/id/7000000000021698,http://data.ordnancesurvey.co.uk/ontology/admingeo/District,North Yorkshire,http://data.ordnancesurvey.co.uk/id/7000000000022028,http://data.ordnancesurvey.co.uk/ontology/admingeo/County,Yorkshire and the Humber,http://data.ordnancesurvey.co.uk/id/7000000000041430,England,http://data.ordnancesurvey.co.uk/id/country/england,osgb5000005231366551,,
osgb4000000009449745,http://data.ordnancesurvey.co.uk/id/4000000009449745,Chapel Square,,,,transportNetwork,Named Road,382043,463520,1000,20000,382043,463479,382074,463563,BD24,http://data.ordnancesurvey.co.uk/id/postcodedistrict/BD24,Settle,http://data.ordnancesurvey.co.uk/id/4000000074565008,http://www.ordnancesurvey.co.uk/xml/codelists/localtype.xml#town,Craven,http://data.ordnancesurvey.co.uk/id/7000000000021698,http://data.ordnancesurvey.co.uk/ontology/admingeo/District,North Yorkshire,http://data.ordnancesurvey.co.uk/id/7000000000022028,http://data.ordnancesurvey.co.uk/ontology/admingeo/County,Yorkshire and the Humber,http://data.ordnancesurvey.co.uk/id/7000000000041430,England,http://data.ordnancesurvey.co.uk/id/country/england,,,
osgb4000000009414927,http://data.ordnancesurvey.co.uk/id/4000000009414927,Malham Rakes,,,,transportNetwork,Named Road,390275,463294,4000,20000,390238,462953,390372,463645,BD23,http://data.ordnancesurvey.co.uk/id/postcodedistrict/BD23,,,,Craven,http://data.ordnancesurvey.co.uk/id/7000000000021698,http://data.ordnancesurvey.co.uk/ontology/admingeo/District,North Yorkshire,http://data.ordnancesurvey.co.uk/id/7000000000022028,http://data.ordnancesurvey.co.uk/ontology/admingeo/County,Yorkshire and the Humber,http://data.ordnancesurvey.co.uk/id/7000000000041430,England,http://data.ordnancesurvey.co.uk/id/country/england,,,
osgb4000000009434266,http://data.ordnancesurvey.co.uk/id/4000000009434266,High Hill Grove Street,,,,transportNetwork,Named Road,381914,463370,1000,20000,381824,463301,381929,463475,BD24,http://data.ordnancesurvey.co.uk/id/postcodedistrict/BD24,Settle,http://data.ordnancesurvey.co.uk/id/4000000074565008,http://www.ordnancesurvey.co.uk/xml/codelists/localtype.xml#town,Craven,http://data.ordnancesurvey.co.uk/id/7000000000021698,http://data.ordnancesurvey.co.uk/ontology/admingeo/District,North Yorkshire,http://data.ordnancesurvey.co.uk/id/7000000000022028,http://data.ordnancesurvey.co.uk/ontology/admingeo/County,Yorkshire and the Humber,http://data.ordnancesurvey.co.uk/id/7000000000041430,England,http://data.ordnancesurvey.co.uk/id/country/england,,,
osgb4000000009434446,http://data.ordnancesurvey.co.uk/id/4000000009434446,Blackstones Lane,,,,transportNetwork,Named Road,394545,479854,2000,20000,394536,479728,394548,479988,BD23,http://data.ordnancesurvey.co.uk/id/postcodedistrict/BD23,,,,Craven,http://data.ordnancesurvey.co.uk/id/7000000000021698,http://data.ordnancesurvey.co.uk/ontology/admingeo/District,North Yorkshire,http://data.ordnancesurvey.co.uk/id/7000000000022028,http://data.ordnancesurvey.co.uk/ontology/admingeo/County,Yorkshire and the Humber,http://data.ordnancesurvey.co.uk/id/7000000000041430,England,http://data.ordnancesurvey.co.uk/id/country/england,,,
b4ffeb15-0567-4e29-9fac-f8f3c5bd0d3f,http://data.ordnancesurvey.co.uk/id/b4ffeb15-0567-4e29-9fac-f8f3c5bd0d3f,Buckden Wood Lane,,,,transportNetwork,Section Of Named Road,394195,477307,2000,25000,394175,477217,394195,477449,BD23,http://data.ordnancesurvey.co.uk/id/postcodedistrict/BD23,Buckden,http://data.ordnancesurvey.co.uk/id/4000000074568272,http://www.ordnancesurvey.co.uk/xml/codelists/localtype.xml#village,Craven,http://data.ordnancesurvey.co.uk/id/7000000000021698,http://data.ordnancesurvey.co.uk/ontology/admingeo/District,North Yorkshire,http://data.ordnancesurvey.co.uk/id/7000000000022028,http://data.ordnancesurvey.co.uk/ontology/admingeo/County,Yorkshire and the Humber,http://data.ordnancesurvey.co.uk/id/7000000000041430,England,http://data.ordnancesurvey.co.uk/id/country/england,osgb4000000009411258,,
osgb4000000009414892,http://data.ordnancesurvey.co.uk/id/4000000009414892,Brackenber Lane,,,,transportNetwork,Named Road,380602,463151,4000,20000,380358,462889,380947,463331,BD24,http://data.ordnancesurvey.co.uk/id/postcodedistrict/BD24,,,,Craven,http://data.ordnancesurvey.co.uk/id/7000000000021698,http://data.ordnancesurvey.co.uk/ontology/admingeo/District,North Yorkshire,http://data.ordnancesurvey.co.uk/id/7000000000022028,http://data.ordnancesurvey.co.uk/ontology/admingeo/County,Yorkshire and the Humber,http://data.ordnancesurvey.co.uk/id/7000000000041430,England,http://data.ordnancesurvey.co.uk/id/country/england,,,
osgb4000000009411247,http://data.ordnancesurvey.co.uk/id/4000000009411247,Malham Moor Lane,,,,transportNetwork,Named Road,396052,464979,17000,20000,394690,464411,397369,465488,BD23,http://data.ordnancesurvey.co.uk/id/postcodedistrict/BD23,,,,Craven,http://data.ordnancesurvey.co.uk/id/7000000000021698,http://data.ordnancesurvey.co.uk/ontology/admingeo/District,North Yorkshire,http://data.ordnancesurvey.co.uk/id/7000000000022028,http://data.ordnancesurvey.co.uk/ontology/admingeo/County,Yorkshire and the Humber,http://data.ordnancesurvey.co.uk/id/7000000000041430,England,http://data.ordnancesurvey.co.uk/id/country/england,,,
osgb4000000009459022,http://data.ordnancesurvey.co.uk/id/4000000009459022,Mainsfield Rise,,,,transportNetwork,Named Road,381439,464211,1000,20000,381425,464206,381459,464211,BD24,http://data.ordnancesurvey.co.uk/id/postcodedistrict/BD24,Giggleswick,http://data.ordnancesurvey.co.uk/id/4000000074565013,http://www.ordnancesurvey.co.uk/xml/codelists/localtype.xml#village,Craven,http://data.ordnancesurvey.co.uk/id/7000000000021698,http://data.ordnancesurvey.co.uk/ontology/admingeo/District,North Yorkshire,http://data.ordnancesurvey.co.uk/id/7000000000022028,http://data.ordnancesurvey.co.uk/ontology/admingeo/County,Yorkshire and the Humber,http://data.ordnancesurvey.co.uk/id/7000000000041430,England,http://data.ordnancesurvey.co.uk/id/country/england,,,
osgb5000005131301288,http://data.ordnancesurvey.co.uk/id/5000005131301288,Raines Croft,,,,transportNetwork,Named Road,381049,463882,1000,20000,381039,463872,381060,463882,BD24,http://data.ordnancesurvey.co.uk/id/postcodedistrict/BD24,Giggleswick,http://data.ordnancesurvey.co.uk/id/4000000074565013,http://www.ordnancesurvey.co.uk/xml/codelists/localtype.xml#village,Craven,http://data.ordnancesurvey.co.uk/id/7000000000021698,http://data.ordnancesurvey.co.uk/ontology/admingeo/District,North Yorkshire,http://data.ordnancesurvey.co.uk/id/7000000000022028,http://data.ordnancesurvey.co.uk/ontology/admingeo/County,Yorkshire and the Humber,http://data.ordnancesurvey.co.uk/id/7000000000041430,England,http://data.ordnancesurvey.co.uk/id/country/england,,,
osgb4000000009607849,http://data.ordnancesurvey.co.uk/id/4000000009607849,Kiln Drive,,,,transportNetwork,Named Road,397762,464944,1000,20000,397744,464922,397778,464967,BD23,http://data.ordnancesurvey.co.uk/id/postcodedistrict/BD23,Long Ashes,http://data.ordnancesurvey.co.uk/id/4000000074564364,http://www.ordnancesurvey.co.uk/xml/codelists/localtype.xml#village,Craven,http://data.ordnancesurvey.co.uk/id/7000000000021698,http://data.ordnancesurvey.co.uk/ontology/admingeo/District,North Yorkshire,http://data.ordnancesurvey.co.uk/id/7000000000022028,http://data.ordnancesurvey.co.uk/ontology/admingeo/County,Yorkshire and the Humber,http://data.ordnancesurvey.co.uk/id/7000000000041430,England,http://data.ordnancesurvey.co.uk/id/country/england,,,
osgb5000005101879944,http://data.ordnancesurvey.co.uk/id/5000005101879944,Brockhole View,,,,transportNetwork,Named Road,381942,463084,1000,20000,381875,463037,382007,463128,BD24,http://data.ordnancesurvey.co.uk/id/postcodedistrict/BD24,Settle,http://data.ordnancesurvey.co.uk/id/4000000074565008,http://www.ordnancesurvey.co.uk/xml/codelists/localtype.xml#town,Craven,http://data.ordnancesurvey.co.uk/id/7000000000021698,http://data.ordnancesurvey.co.uk/ontology/admingeo/District,North Yorkshire,http://data.ordnancesurvey.co.uk/id/7000000000022028,http://data.ordnancesurvey.co.uk/ontology/admingeo/County,Yorkshire and the Humber,http://data.ordnancesurvey.co.uk/id/7000000000041430,England,http://data.ordnancesurvey.co.uk/id/country/england,,,
osgb4000000009414933,http://data.ordnancesurvey.co.uk/id/4000000009414933,Kirk Bank,,,,transportNetwork,Named Road,398060,465059,3000,20000,397837,464810,398279,465316,BD23,http://data.ordnancesurvey.co.uk/id/postcodedistrict/BD23,,,,Craven,http://data.ordnancesurvey.co.uk/id/7000000000021698,http://data.ordnancesurvey.co.uk/ontology/admingeo/District,North Yorkshire,http://data.ordnancesurvey.co.uk/id/7000000000022028,http://data.ordnancesurvey.co.uk/ontology/admingeo/County,Yorkshire and the Humber,http://data.ordnancesurvey.co.uk/id/7000000000041430,England,http://data.ordnancesurvey.co.uk/id/country/england,,,
aa9e9c19-1a78-4c4d-b9b5-eb1d39388b03,http://data.ordnancesurvey.co.uk/id/aa9e9c19-1a78-4c4d-b9b5-eb1d39388b03,Long Lane,,,,transportNetwork,Section Of Named Road,395343,474648,1000,25000,395283,474614,395388,474666,BD23,http://data.ordnancesurvey.co.uk/id/postcodedistrict/BD23,Starbotton,http://data.ordnancesurvey.co.uk/id/4000000074564693,http://www.ordnancesurvey.co.uk/xml/codelists/localtype.xml#village,Craven,http://data.ordnancesurvey.co.uk/id/7000000000021698,http://data.ordnancesurvey.co.uk/ontology/admingeo/District,North Yorkshire,http://data.ordnancesurvey.co.uk/id/7000000000022028,http://data.ordnancesurvey.co.uk/ontology/admingeo/County,Yorkshire and the Humber,http://data.ordnancesurvey.co.uk/id/7000000000041430,England,http://data.ordnancesurvey.co.uk/id/country/england,osgb5000005231366931,,
osgb4000000009411244,http://data.ordnancesurvey.co.uk/id/4000000009411244,Grains Lane,,,,transportNetwork,Named Road,387766,461694,17000,20000,386405,461310,388965,461731,BD23,http://data.ordnancesurvey.co.uk/id/postcodedistrict/BD23,,,,Craven,http://data.ordnancesurvey.co.uk/id/7000000000021698,http://data.ordnancesurvey.co.uk/ontology/admingeo/District,North Yorkshire,http://data.ordnancesurvey.co.uk/id/7000000000022028,http://data.ordnancesurvey.co.uk/ontology/admingeo/County,Yorkshire and the Humber,http://data.ordnancesurvey.co.uk/id/7000000000041430,England,http://data.ordnancesurvey.co.uk/id/country/england,,,
osgb4000000009434443,http://data.ordnancesurvey.co.uk/id/4000000009434443,Monk's Road,,,,transportNetwork,Named Road,392964,471665,3000,20000,392907,471406,393158,471849,BD23,http://data.ordnancesurvey.co.uk/id/postcodedistrict/BD23,Arncliffe,http://data.ordnancesurvey.co.uk/id/4000000074564694,http://www.ordnancesurvey.co.uk/xml/codelists/localtype.xml#village,Craven,http://data.ordnancesurvey.co.uk/id/7000000000021698,http://data.ordnancesurvey.co.uk/ontology/admingeo/District,North Yorkshire,http://data.ordnancesurvey.co.uk/id/7000000000022028,http://data.ordnancesurvey.co.uk/ontology/admingeo/County,Yorkshire and the Humber,http://data.ordnancesurvey.co.uk/id/7000000000041430,England,http://data.ordnancesurvey.co.uk/id/country/england,,,
osgb4000000009412300,http://data.ordnancesurvey.co.uk/id/4000000009412300,Buck Haw Brow,,,,transportNetwork,Named Road,380195,465551,10000,20000,379256,464801,380813,465957,BD24,http://data.ordnancesurvey.co.uk/id/postcodedistrict/BD24,,,,Craven,http://data.ordnancesurvey.co.uk/id/7000000000021698,http://data.ordnancesurvey.co.uk/ontology/admingeo/District,North Yorkshire,http://data.ordnancesurvey.co.uk/id/7000000000022028,http://data.ordnancesurvey.co.uk/ontology/admingeo/County,Yorkshire and the Humber,http://data.ordnancesurvey.co.uk/id/7000000000041430,England,http://data.ordnancesurvey.co.uk/id/country/england,,,
5ad65276-855b-4d63-91ff-b0c9ce531d98,http://data.ordnancesurvey.co.uk/id/5ad65276-855b-4d63-91ff-b0c9ce531d98,Whernside Turf Road,,,,transportNetwork,Section Of Named Road,397451,472425,1000,25000,397411,472406,397479,472473,BD23,http://data.ordnancesurvey.co.uk/id/postcodedistrict/BD23,Kettlewell,http://data.ordnancesurvey.co.uk/id/4000000074564692,http://www.ordnancesurvey.co.uk/xml/codelists/localtype.xml#village,Craven,http://data.ordnancesurvey.co.uk/id/7000000000021698,http://data.ordnancesurvey.co.uk/ontology/admingeo/District,North Yorkshire,http://data.ordnancesurvey.co.uk/id/7000000000022028,http://data.ordnancesurvey.co.uk/ontology/admingeo/County,Yorkshire and the Humber,http://data.ordnancesurvey.co.uk/id/7000000000041430,England,http://data.ordnancesurvey.co.uk/id/country/england,osgb5000005231366924,,
osgb5000005231366370,http://data.ordnancesurvey.co.uk/id/5000005231366370,Eastside Road,,,,transportNetwork,Named Road,394500,476961,5000,20000,394269,476574,394706,477340,BD23,http://data.ordnancesurvey.co.uk/id/postcodedistrict/BD23,,,,Craven,http://data.ordnancesurvey.co.uk/id/7000000000021698,http://data.ordnancesurvey.co.uk/ontology/admingeo/District,North Yorkshire,http://data.ordnancesurvey.co.uk/id/7000000000022028,http://data.ordnancesurvey.co.uk/ontology/admingeo/County,Yorkshire and the Humber,http://data.ordnancesurvey.co.uk/id/7000000000041430,England,http://data.ordnancesurvey.co.uk/id/country/england,,,
osgb4000000009414895,http://data.ordnancesurvey.co.uk/id/4000000009414895,Sowarth Field,,,,transportNetwork,Named Road,381498,463578,3000,20000,381460,463331,381522,463773,BD24,http://data.ordnancesurvey.co.uk/id/postcodedistrict/BD24,Settle,http://data.ordnancesurvey.co.uk/id/4000000074565008,http://www.ordnancesurvey.co.uk/xml/codelists/localtype.xml#town,Craven,http://data.ordnancesurvey.co.uk/id/7000000000021698,http://data.ordnancesurvey.co.uk/ontology/admingeo/District,North Yorkshire,http://data.ordnancesurvey.co.uk/id/7000000000022028,http://data.ordnancesurvey.co.uk/ontology/admingeo/County,Yorkshire and the Humber,http://data.ordnancesurvey.co.uk/id/7000000000041430,England,http://data.ordnancesurvey.co.uk/id/country/england,,,
osgb4000000009449739,http://data.ordnancesurvey.co.uk/id/4000000009449739,Penny Green,,,,transportNetwork,Named Road,381511,463143,1000,20000,381485,463093,381544,463165,BD24,http://data.ordnancesurvey.co.uk/id/postcodedistrict/BD24,Settle,http://data.ordnancesurvey.co.uk/id/4000000074565008,http://www.ordnancesurvey.co.uk/xml/codelists/localtype.xml#town,Craven,http://data.ordnancesurvey.co.uk/id/7000000000021698,http://data.ordnancesurvey.co.uk/ontology/admingeo/District,North Yorkshire,http://data.ordnancesurvey.co.uk/id/7000000000022028,http://data.ordnancesurvey.co.uk/ontology/admingeo/County,Yorkshire and the Humber,http://data.ordnancesurvey.co.uk/id/7000000000041430,England,http://data.ordnancesurvey.co.uk/id/country/england,,,
c27a4957-880f-4659-a660-7d52939cf2f2,http://data.ordnancesurvey.co.uk/id/c27a4957-880f-4659-a660-7d52939cf2f2,B6480,,,,transportNetwork,Section Of Numbered Road,381859,463419,8000,25000,381526,462861,381960,464098,BD24,http://data.ordnancesurvey.co.uk/id/postcodedistrict/BD24,Settle,http://data.ordnancesurvey.co.uk/id/4000000074565008,http://www.ordnancesurvey.co.uk/xml/codelists/localtype.xml#town,Craven,http://data.ordnancesurvey.co.uk/id/7000000000021698,http://data.ordnancesurvey.co.uk/ontology/admingeo/District,North Yorkshire,http://data.ordnancesurvey.co.uk/id/7000000000022028,http://data.ordnancesurvey.co.uk/ontology/admingeo/County,Yorkshire and the Humber,http://data.ordnancesurvey.co.uk/id/7000000000041430,England,http://data.ordnancesurvey.co.uk/id/country/england,osgb4000000009600730,,
254b0b95-cc64-4924-9326-6a44a3a46c34,http://data.ordnancesurvey.co.uk/id/254b0b95-cc64-4924-9326-6a44a3a46c34,B6479,,,,transportNetwork,Section Of Numbered Road,381837,464176,3000,25000,381679,464050,381893,464465,BD24,http://data.ordnancesurvey.co.uk/id/postcodedistrict/BD24,Settle,http://data.ordnancesurvey.co.uk/id/4000000074565008,http://www.ordnancesurvey.co.uk/xml/codelists/localtype.xml#town,Craven,http://data.ordnancesurvey.co.uk/id/7000000000021698,http://data.ordnancesurvey.co.uk/ontology/admingeo/District,North Yorkshire,http://data.ordnancesurvey.co.uk/id/7000000000022028,http://data.ordnancesurvey.co.uk/ontology/admingeo/County,Yorkshire and the Humber,http://data.ordnancesurvey.co.uk/id/7000000000041430,England,http://data.ordnancesurvey.co.uk/id/country/england,osgb4000000009600731,,
750c9dc3-ea76-469f-95ff-be7070528ae0,http://data.ordnancesurvey.co.uk/id/750c9dc3-ea76-469f-95ff-be7070528ae0,Grysedale Lane,,,,transportNetwork,Section Of Named Road,397827,463831,1000,25000,397825,463802,397831,463853,BD23,http://data.ordnancesurvey.co.uk/id/postcodedistrict/BD23,Skirethorns,http://data.ordnancesurvey.co.uk/id/4000000074564362,http://www.ordnancesurvey.co.uk/xml/codelists/localtype.xml#hamlet,Craven,http://data.ordnancesurvey.co.uk/id/7000000000021698,http://data.ordnancesurvey.co.uk/ontology/admingeo/District,North Yorkshire,http://data.ordnancesurvey.co.uk/id/7000000000022028,http://data.ordnancesurvey.co.uk/ontology/admingeo/County,Yorkshire and the Humber,http://data.ordnancesurvey.co.uk/id/7000000000041430,England,http://data.ordnancesurvey.co.uk/id/country/england,osgb4000000009414929,,
osgb4000000009449751,http://data.ordnancesurvey.co.uk/id/4000000009449751,Belle Hill,,,,transportNetwork,Named Road,381282,464046,1000,20000,381247,464026,381326,464092,BD24,http://data.ordnancesurvey.co.uk/id/postcodedistrict/BD24,Giggleswick,http://data.ordnancesurvey.co.uk/id/4000000074565013,http://www.ordnancesurvey.co.uk/xml/codelists/localtype.xml#village,Craven,http://data.ordnancesurvey.co.uk/id/7000000000021698,http://data.ordnancesurvey.co.uk/ontology/admingeo/District,North Yorkshire,http://data.ordnancesurvey.co.uk/id/7000000000022028,http://data.ordnancesurvey.co.uk/ontology/admingeo/County,Yorkshire and the Humber,http://data.ordnancesurvey.co.uk/id/7000000000041430,England,http://data.ordnancesurvey.co.uk/id/country/england,,,
osgb4000000009449756,http://data.ordnancesurvey.co.uk/id/4000000009449756,Main Street,,,,transportNetwork,Named Road,382191,465019,1000,20000,382087,464961,382296,465070,BD24,http://data.ordnancesurvey.co.uk/id/postcodedistrict/BD24,Langcliffe,http://data.ordnancesurvey.co.uk/id/4000000074565009,http://www.ordnancesurvey.co.uk/xml/codelists/localtype.xml#village,Craven,http://data.ordnancesurvey.co.uk/id/7000000000021698,http://data.ordnancesurvey.co.uk/ontology/admingeo/District,North Yorkshire,http://data.ordnancesurvey.co.uk/id/7000000000022028,http://data.ordnancesurvey.co.uk/ontology/admingeo/County,Yorkshire and the Humber,http://data.ordnancesurvey.co.uk/id/7000000000041430,England,http://data.ordnancesurvey.co.uk/id/country/england,,,
osgb4000000009434272,http://data.ordnancesurvey.co.uk/id/4000000009434272,Townhead,,,,transportNetwork,Named Road,381995,463858,1000,20000,381920,463764,382107,463873,BD24,http://data.ordnancesurvey.co.uk/id/postcodedistrict/BD24,Settle,http://data.ordnancesurvey.co.uk/id/4000000074565008,http://www.ordnancesurvey.co.uk/xml/codelists/localtype.xml#town,Craven,http://data.ordnancesurvey.co.uk/id/7000000000021698,http://data.ordnancesurvey.co.uk/ontology/admingeo/District,North Yorkshire,http://data.ordnancesurvey.co.uk/id/7000000000022028,http://data.ordnancesurvey.co.uk/ontology/admingeo/County,Yorkshire and the Humber,http://data.ordnancesurvey.co.uk/id/7000000000041430,England,http://data.ordnancesurvey.co.uk/id/country/england,,,
osgb4000000009412305,http://data.ordnancesurvey.co.uk/id/4000000009412305,Highway,,,,transportNetwork,Named Road,382075,464250,7000,20000,382069,463716,382130,464785,BD24,http://data.ordnancesurvey.co.uk/id/postcodedistrict/BD24,,,,Craven,http://data.ordnancesurvey.co.uk/id/7000000000021698,http://data.ordnancesurvey.co.uk/ontology/admingeo/District,North Yorkshire,http://data.ordnancesurvey.co.uk/id/7000000000022028,http://data.ordnancesurvey.co.uk/ontology/admingeo/County,Yorkshire and the Humber,http://data.ordnancesurvey.co.uk/id/7000000000041430,England,http://data.ordnancesurvey.co.uk/id/country/england,,,
osgb4000000009434410,http://data.ordnancesurvey.co.uk/id/4000000009434410,Piece Fields,,,,transportNetwork,Named Road,399511,463771,1000,20000,399473,463703,399514,463899,BD23,http://data.ordnancesurvey.co.uk/id/postcodedistrict/BD23,Threshfield,http://data.ordnancesurvey.co.uk/id/4000000074564035,http://www.ordnancesurvey.co.uk/xml/codelists/localtype.xml#village,Craven,http://data.ordnancesurvey.co.uk/id/7000000000021698,http://data.ordnancesurvey.co.uk/ontology/admingeo/District,North Yorkshire,http://data.ordnancesurvey.co.uk/id/7000000000022028,http://data.ordnancesurvey.co.uk/ontology/admingeo/County,Yorkshire and the Humber,http://data.ordnancesurvey.co.uk/id/7000000000041430,England,http://data.ordnancesurvey.co.uk/id/country/england,,,
osgb4000000009606553,http://data.ordnancesurvey.co.uk/id/4000000009606553,Townhead Way,,,,transportNetwork,Named Road,382007,463968,1000,20000,381984,463873,382030,464060,BD24,http://data.ordnancesurvey.co.uk/id/postcodedistrict/BD24,Settle,http://data.ordnancesurvey.co.uk/id/4000000074565008,http://www.ordnancesurvey.co.uk/xml/codelists/localtype.xml#town,Craven,http://data.ordnancesurvey.co.uk/id/7000000000021698,http://data.ordnancesurvey.co.uk/ontology/admingeo/District,North Yorkshire,http://data.ordnancesurvey.co.uk/id/7000000000022028,http://data.ordnancesurvey.co.uk/ontology/admingeo/County,Yorkshire and the Humber,http://data.ordnancesurvey.co.uk/id/7000000000041430,England,http://data.ordnancesurvey.co.uk/id/country/england,,,
osgb4000000009412306,http://data.ordnancesurvey.co.uk/id/4000000009412306,Stackhouse Lane,,,,transportNetwork,Named Road,381453,464843,9000,20000,381363,464105,381530,465549,BD24,http://data.ordnancesurvey.co.uk/id/postcodedistrict/BD24,,,,Craven,http://data.ordnancesurvey.co.uk/id/7000000000021698,http://data.ordnancesurvey.co.uk/ontology/admingeo/District,North Yorkshire,http://data.ordnancesurvey.co.uk/id/7000000000022028,http://data.ordnancesurvey.co.uk/ontology/admingeo/County,Yorkshire and the Humber,http://data.ordnancesurvey.co.uk/id/7000000000041430,England,http://data.ordnancesurvey.co.uk/id/country/england,,,
osgb4000000009434404,http://data.ordnancesurvey.co.uk/id/4000000009434404,Back Lane,,,,transportNetwork,Named Road,389935,462905,4000,20000,389591,462630,389995,463186,BD23,http://data.ordnancesurvey.co.uk/id/postcodedistrict/BD23,Malham,http://data.ordnancesurvey.co.uk/id/4000000074564690,http://www.ordnancesurvey.co.uk/xml/codelists/localtype.xml#village,Craven,http://data.ordnancesurvey.co.uk/id/7000000000021698,http://data.ordnancesurvey.co.uk/ontology/admingeo/District,North Yorkshire,http://data.ordnancesurvey.co.uk/id/7000000000022028,http://data.ordnancesurvey.co.uk/ontology/admingeo/County,Yorkshire and the Humber,http://data.ordnancesurvey.co.uk/id/7000000000041430,England,http://data.ordnancesurvey.co.uk/id/country/england,,,
1c9b6609-4777-4d71-943a-a6b6708883f3,http://data.ordnancesurvey.co.uk/id/1c9b6609-4777-4d71-943a-a6b6708883f3,Cove Road,,,,transportNetwork,Section Of Named Road,390015,463070,3000,25000,389848,462808,390098,463267,BD23,http://data.ordnancesurvey.co.uk/id/postcodedistrict/BD23,Malham,http://data.ordnancesurvey.co.uk/id/4000000074564690,http://www.ordnancesurvey.co.uk/xml/codelists/localtype.xml#village,Craven,http://data.ordnancesurvey.co.uk/id/7000000000021698,http://data.ordnancesurvey.co.uk/ontology/admingeo/District,North Yorkshire,http://data.ordnancesurvey.co.uk/id/7000000000022028,http://data.ordnancesurvey.co.uk/ontology/admingeo/County,Yorkshire and the Humber,http://data.ordnancesurvey.co.uk/id/7000000000041430,England,http://data.ordnancesurvey.co.uk/id/country/england,osgb4000000009421146,,
osgb5000005232274701,http://data.ordnancesurvey.co.uk/id/5000005232274701,Moor Head Lane,,,,transportNetwork,Named Road,382556,469109,10000,20000,381787,468564,383364,469717,BD24,http://data.ordnancesurvey.co.uk/id/postcodedistrict/BD24,,,,Craven,http://data.ordnancesurvey.co.uk/id/7000000000021698,http://data.ordnancesurvey.co.uk/ontology/admingeo/District,North Yorkshire,http://data.ordnancesurvey.co.uk/id/7000000000022028,http://data.ordnancesurvey.co.uk/ontology/admingeo/County,Yorkshire and the Humber,http://data.ordnancesurvey.co.uk/id/7000000000041430,England,http://data.ordnancesurvey.co.uk/id/country/england,,,
osgb4000000009434263,http://data.ordnancesurvey.co.uk/id/4000000009434263,Green Head Lane,,,,transportNetwork,Named Road,382258,463322,1000,20000,382178,463302,382335,463331,BD24,http://data.ordnancesurvey.co.uk/id/postcodedistrict/BD24,Settle,http://data.ordnancesurvey.co.uk/id/4000000074565008,http://www.ordnancesurvey.co.uk/xml/codelists/localtype.xml#town,Craven,http://data.ordnancesurvey.co.uk/id/7000000000021698,http://data.ordnancesurvey.co.uk/ontology/admingeo/District,North Yorkshire,http://data.ordnancesurvey.co.uk/id/7000000000022028,http://data.ordnancesurvey.co.uk/ontology/admingeo/County,Yorkshire and the Humber,http://data.ordnancesurvey.co.uk/id/7000000000041430,England,http://data.ordnancesurvey.co.uk/id/country/england,,,
d9b6d300-2a49-44dd-8a1e-c4bb524d5331,http://data.ordnancesurvey.co.uk/id/d9b6d300-2a49-44dd-8a1e-c4bb524d5331,Skirethorns Lane,,,,transportNetwork,Section Of Named Road,398510,463874,4000,25000,398194,463857,398819,463887,BD23,http://data.ordnancesurvey.co.uk/id/postcodedistrict/BD23,Threshfield,http://data.ordnancesurvey.co.uk/id/4000000074564035,http://www.ordnancesurvey.co.uk/xml/codelists/localtype.xml#village,Craven,http://data.ordnancesurvey.co.uk/id/7000000000021698,http://data.ordnancesurvey.co.uk/ontology/admingeo/District,North Yorkshire,http://data.ordnancesurvey.co.uk/id/7000000000022028,http://data.ordnancesurvey.co.uk/ontology/admingeo/County,Yorkshire and the Humber,http://data.ordnancesurvey.co.uk/id/7000000000041430,England,http://data.ordnancesurvey.co.uk/id/country/england,osgb4000000009412338,,
osgb4000000009421140,http://data.ordnancesurvey.co.uk/id/4000000009421140,Cow Close Lane,,,,transportNetwork,Named Road,389080,461146,2000,20000,388965,461038,389324,461310,BD23,http://data.ordnancesurvey.co.uk/id/postcodedistrict/BD23,,,,Craven,http://data.ordnancesurvey.co.uk/id/7000000000021698,http://data.ordnancesurvey.co.uk/ontology/admingeo/District,North Yorkshire,http://data.ordnancesurvey.co.uk/id/7000000000022028,http://data.ordnancesurvey.co.uk/ontology/admingeo/County,Yorkshire and the Humber,http://data.ordnancesurvey.co.uk/id/7000000000041430,England,http://data.ordnancesurvey.co.uk/id/country/england,,,
osgb4000000009411252,http://data.ordnancesurvey.co.uk/id/4000000009411252,Silverdale Road,,,,transportNetwork,Named Road,384040,470000,18000,20000,383473,468687,384255,471443,BD24,http://data.ordnancesurvey.co.uk/id/postcodedistrict/BD24,,,,Craven,http://data.ordnancesurvey.co.uk/id/7000000000021698,http://data.ordnancesurvey.co.uk/ontology/admingeo/District,North Yorkshire,http://data.ordnancesurvey.co.uk/id/7000000000022028,http://data.ordnancesurvey.co.uk/ontology/admingeo/County,Yorkshire and the Humber,http://data.ordnancesurvey.co.uk/id/7000000000041430,England,http://data.ordnancesurvey.co.uk/id/country/england,,,
771633d4-5994-4644-88fa-e249dd4c72ba,http://data.ordnancesurvey.co.uk/id/771633d4-5994-4644-88fa-e249dd4c72ba,Brockhole Lane,,,,transportNetwork,Section Of Named Road,382069,463110,1000,25000,382054,463045,382069,463162,BD24,http://data.ordnancesurvey.co.uk/id/postcodedistrict/BD24,Settle,http://data.ordnancesurvey.co.uk/id/4000000074565008,http://www.ordnancesurvey.co.uk/xml/codelists/localtype.xml#town,Craven,http://data.ordnancesurvey.co.uk/id/7000000000021698,http://data.ordnancesurvey.co.uk/ontology/admingeo/District,North Yorkshire,http://data.ordnancesurvey.co.uk/id/7000000000022028,http://data.ordnancesurvey.co.uk/ontology/admingeo/County,Yorkshire and the Humber,http://data.ordnancesurvey.co.uk/id/7000000000041430,England,http://data.ordnancesurvey.co.uk/id/country/england,osgb4000000009714905,,
osgb5000005232279569,http://data.ordnancesurvey.co.uk/id/5000005232279569,Moor Lane,,,,transportNetwork,Named Road,398521,462359,11000,20000,397694,461847,399438,462705,BD23,http://data.ordnancesurvey.co.uk/id/postcodedistrict/BD23,,,,Craven,http://data.ordnancesurvey.co.uk/id/7000000000021698,http://data.ordnancesurvey.co.uk/ontology/admingeo/District,North Yorkshire,http://data.ordnancesurvey.co.uk/id/7000000000022028,http://data.ordnancesurvey.co.uk/ontology/admingeo/County,Yorkshire and the Humber,http://data.ordnancesurvey.co.uk/id/7000000000041430,England,http://data.ordnancesurvey.co.uk/id/country/england,,,
osgb5000005131301286,http://data.ordnancesurvey.co.uk/id/5000005131301286,Raines Paddock,,,,transportNetwork,Named Road,381073,463798,1000,20000,381063,463792,381073,463844,BD24,http://data.ordnancesurvey.co.uk/id/postcodedistrict/BD24,Giggleswick,http://data.ordnancesurvey.co.uk/id/4000000074565013,http://www.ordnancesurvey.co.uk/xml/codelists/localtype.xml#village,Craven,http://data.ordnancesurvey.co.uk/id/7000000000021698,http://data.ordnancesurvey.co.uk/ontology/admingeo/District,North Yorkshire,http://data.ordnancesurvey.co.uk/id/7000000000022028,http://data.ordnancesurvey.co.uk/ontology/admingeo/County,Yorkshire and the Humber,http://data.ordnancesurvey.co.uk/id/7000000000041430,England,http://data.ordnancesurvey.co.uk/id/country/england,,,
osgb5000005232274654,http://data.ordnancesurvey.co.uk/id/5000005232274654,Scot Gate Lane,,,,transportNetwork,Named Road,398832,468066,9000,20000,398098,467686,399511,468514,BD23,http://data.ordnancesurvey.co.uk/id/postcodedistrict/BD23,,,,Craven,http://data.ordnancesurvey.co.uk/id/7000000000021698,http://data.ordnancesurvey.co.uk/ontology/admingeo/District,North Yorkshire,http://data.ordnancesurvey.co.uk/id/7000000000022028,http://data.ordnancesurvey.co.uk/ontology/admingeo/County,Yorkshire and the Humber,http://data.ordnancesurvey.co.uk/id/7000000000041430,England,http://data.ordnancesurvey.co.uk/id/country/england,,,
2bbc0e1f-14b6-4225-a3e0-01c6d2c95bf3,http://data.ordnancesurvey.co.uk/id/2bbc0e1f-14b6-4225-a3e0-01c6d2c95bf3,Thorpe Lane,,,,transportNetwork,Section Of Named Road,398493,460546,2000,25000,398397,460493,398643,460546,BD23,http://data.ordnancesurvey.co.uk/id/postcodedistrict/BD23,Threapland,http://data.ordnancesurvey.co.uk/id/4000000074332820,http://www.ordnancesurvey.co.uk/xml/codelists/localtype.xml#hamlet,Craven,http://data.ordnancesurvey.co.uk/id/7000000000021698,http://data.ordnancesurvey.co.uk/ontology/admingeo/District,North Yorkshire,http://data.ordnancesurvey.co.uk/id/7000000000022028,http://data.ordnancesurvey.co.uk/ontology/admingeo/County,Yorkshire and the Humber,http://data.ordnancesurvey.co.uk/id/7000000000041430,England,http://data.ordnancesurvey.co.uk/id/country/england,osgb4000000010925378,,
osgb4000000009434261,http://data.ordnancesurvey.co.uk/id/4000000009434261,Longdale Avenue,,,,transportNetwork,Named Road,381795,463177,1000,20000,381794,463092,381809,463266,BD24,http://data.ordnancesurvey.co.uk/id/postcodedistrict/BD24,Settle,http://data.ordnancesurvey.co.uk/id/4000000074565008,http://www.ordnancesurvey.co.uk/xml/codelists/localtype.xml#town,Craven,http://data.ordnancesurvey.co.uk/id/7000000000021698,http://data.ordnancesurvey.co.uk/ontology/admingeo/District,North Yorkshire,http://data.ordnancesurvey.co.uk/id/7000000000022028,http://data.ordnancesurvey.co.uk/ontology/admingeo/County,Yorkshire and the Humber,http://data.ordnancesurvey.co.uk/id/7000000000041430,England,http://data.ordnancesurvey.co.uk/id/country/england,,,
osgb4000000009412301,http://data.ordnancesurvey.co.uk/id/4000000009412301,Lodge Road,,,,transportNetwork,Named Road,381810,462074,7000,20000,381252,461873,382369,462272,BD24,http://data.ordnancesurvey.co.uk/id/postcodedistrict/BD24,,,,Craven,http://data.ordnancesurvey.co.uk/id/7000000000021698,http://data.ordnancesurvey.co.uk/ontology/admingeo/District,North Yorkshire,http://data.ordnancesurvey.co.uk/id/7000000000022028,http://data.ordnancesurvey.co.uk/ontology/admingeo/County,Yorkshire and the Humber,http://data.ordnancesurvey.co.uk/id/7000000000041430,England,http://data.ordnancesurvey.co.uk/id/country/england,,,
osgb4000000009449912,http://data.ordnancesurvey.co.uk/id/4000000009449912,Chapel Lane,,,,transportNetwork,Named Road,380963,472042,1000,20000,380952,471987,380976,472091,BD24,http://data.ordnancesurvey.co.uk/id/postcodedistrict/BD24,Horton in Ribblesdale,http://data.ordnancesurvey.co.uk/id/4000000074565640,http://www.ordnancesurvey.co.uk/xml/codelists/localtype.xml#village,Craven,http://data.ordnancesurvey.co.uk/id/7000000000021698,http://data.ordnancesurvey.co.uk/ontology/admingeo/District,North Yorkshire,http://data.ordnancesurvey.co.uk/id/7000000000022028,http://data.ordnancesurvey.co.uk/ontology/admingeo/County,Yorkshire and the Humber,http://data.ordnancesurvey.co.uk/id/7000000000041430,England,http://data.ordnancesurvey.co.uk/id/country/england,,,
osgb4000000009412354,http://data.ordnancesurvey.co.uk/id/4000000009412354,Sherwood Brow,,,,transportNetwork,Named Road,381457,468621,10000,20000,381289,467878,381701,469487,BD24,http://data.ordnancesurvey.co.uk/id/postcodedistrict/BD24,,,,Craven,http://data.ordnancesurvey.co.uk/id/7000000000021698,http://data.ordnancesurvey.co.uk/ontology/admingeo/District,North Yorkshire,http://data.ordnancesurvey.co.uk/id/7000000000022028,http://data.ordnancesurvey.co.uk/ontology/admingeo/County,Yorkshire and the Humber,http://data.ordnancesurvey.co.uk/id/7000000000041430,England,http://data.ordnancesurvey.co.uk/id/country/england,,,
osgb5000005231366926,http://data.ordnancesurvey.co.uk/id/5000005231366926,Starbotton Cam Road,,,,transportNetwork,Named Road,395981,475127,7000,20000,395401,474804,396514,475500,BD23,http://data.ordnancesurvey.co.uk/id/postcodedistrict/BD23,,,,Craven,http://data.ordnancesurvey.co.uk/id/7000000000021698,http://data.ordnancesurvey.co.uk/ontology/admingeo/District,North Yorkshire,http://data.ordnancesurvey.co.uk/id/7000000000022028,http://data.ordnancesurvey.co.uk/ontology/admingeo/County,Yorkshire and the Humber,http://data.ordnancesurvey.co.uk/id/7000000000041430,England,http://data.ordnancesurvey.co.uk/id/country/england,,,
d92a6fba-ebfb-4b1d-a43a-70a9c7ec58d6,http://data.ordnancesurvey.co.uk/id/d92a6fba-ebfb-4b1d-a43a-70a9c7ec58d6,Cow Close Lane,,,,transportNetwork,Section Of Named Road,389289,461038,1000,25000,389254,461038,389324,461047,BD23,http://data.ordnancesurvey.co.uk/id/postcodedistrict/BD23,Kirkby Malham,http://data.ordnancesurvey.co.uk/id/4000000074563390,http://www.ordnancesurvey.co.uk/xml/codelists/localtype.xml#village,Craven,http://data.ordnancesurvey.co.uk/id/7000000000021698,http://data.ordnancesurvey.co.uk/ontology/admingeo/District,North Yorkshire,http://data.ordnancesurvey.co.uk/id/7000000000022028,http://data.ordnancesurvey.co.uk/ontology/admingeo/County,Yorkshire and the Humber,http://data.ordnancesurvey.co.uk/id/7000000000041430,England,http://data.ordnancesurvey.co.uk/id/country/england,osgb4000000009421140,,
osgb5000005154959597,http://data.ordnancesurvey.co.uk/id/5000005154959597,Grass Wood Court,,,,transportNetwork,Named Road,399708,464601,1000,20000,399701,464587,399730,464620,BD23,http://data.ordnancesurvey.co.uk/id/postcodedistrict/BD23,Grassington,http://data.ordnancesurvey.co.uk/id/4000000074564363,http://www.ordnancesurvey.co.uk/xml/codelists/localtype.xml#village,Craven,http://data.ordnancesurvey.co.uk/id/7000000000021698,http://data.ordnancesurvey.co.uk/ontology/admingeo/District,North Yorkshire,http://data.ordnancesurvey.co.uk/id/7000000000022028,http://data.ordnancesurvey.co.uk/ontology/admingeo/County,Yorkshire and the Humber,http://data.ordnancesurvey.co.uk/id/7000000000041430,England,http://data.ordnancesurvey.co.uk/id/country/england,,,
osgb4000000009449915,http://data.ordnancesurvey.co.uk/id/4000000009449915,Gooselands Hill,,,,transportNetwork,Named Road,393215,472064,1000,20000,393207,471948,393232,472090,BD23,http://data.ordnancesurvey.co.uk/id/postcodedistrict/BD23,Arncliffe,http://data.ordnancesurvey.co.uk/id/4000000074564694,http://www.ordnancesurvey.co.uk/xml/codelists/localtype.xml#village,Craven,http://data.ordnancesurvey.co.uk/id/7000000000021698,http://data.ordnancesurvey.co.uk/ontology/admingeo/District,North Yorkshire,http://data.ordnancesurvey.co.uk/id/7000000000022028,http://data.ordnancesurvey.co.uk/ontology/admingeo/County,Yorkshire and the Humber,http://data.ordnancesurvey.co.uk/id/7000000000041430,England,http://data.ordnancesurvey.co.uk/id/country/england,,,
f89a7d56-6a39-451e-b09e-123bbe0e8104,http://data.ordnancesurvey.co.uk/id/f89a7d56-6a39-451e-b09e-123bbe0e8104,Eastside Road,,,,transportNetwork,Section Of Named Road,394317,477298,1000,25000,394269,477288,394367,477323,BD23,http://data.ordnancesurvey.co.uk/id/postcodedistrict/BD23,Buckden,http://data.ordnancesurvey.co.uk/id/4000000074568272,http://www.ordnancesurvey.co.uk/xml/codelists/localtype.xml#village,Craven,http://data.ordnancesurvey.co.uk/id/7000000000021698,http://data.ordnancesurvey.co.uk/ontology/admingeo/District,North Yorkshire,http://data.ordnancesurvey.co.uk/id/7000000000022028,http://data.ordnancesurvey.co.uk/ontology/admingeo/County,Yorkshire and the Humber,http://data.ordnancesurvey.co.uk/id/7000000000041430,England,http://data.ordnancesurvey.co.uk/id/country/england,osgb5000005231366370,,
osgb5000005231366416,http://data.ordnancesurvey.co.uk/id/5000005231366416,Harber Scar Lane,,,,transportNetwork,Named Road,381119,473147,7000,20000,380777,472686,381216,473740,BD24,http://data.ordnancesurvey.co.uk/id/postcodedistrict/BD24,,,,Craven,http://data.ordnancesurvey.co.uk/id/7000000000021698,http://data.ordnancesurvey.co.uk/ontology/admingeo/District,North Yorkshire,http://data.ordnancesurvey.co.uk/id/7000000000022028,http://data.ordnancesurvey.co.uk/ontology/admingeo/County,Yorkshire and the Humber,http://data.ordnancesurvey.co.uk/id/7000000000041430,England,http://data.ordnancesurvey.co.uk/id/country/england,,,
osgb4000000009606552,http://data.ordnancesurvey.co.uk/id/4000000009606552,Barrel Sykes,,,,transportNetwork,Named Road,381911,464186,1000,20000,381908,464151,381911,464209,BD24,http://data.ordnancesurvey.co.uk/id/postcodedistrict/BD24,Settle,http://data.ordnancesurvey.co.uk/id/4000000074565008,http://www.ordnancesurvey.co.uk/xml/codelists/localtype.xml#town,Craven,http://data.ordnancesurvey.co.uk/id/7000000000021698,http://data.ordnancesurvey.co.uk/ontology/admingeo/District,North Yorkshire,http://data.ordnancesurvey.co.uk/id/7000000000022028,http://data.ordnancesurvey.co.uk/ontology/admingeo/County,Yorkshire and the Humber,http://data.ordnancesurvey.co.uk/id/7000000000041430,England,http://data.ordnancesurvey.co.uk/id/country/england,,,
osgb5000005232279880,http://data.ordnancesurvey.co.uk/id/5000005232279880,Gill Lane,,,,transportNetwork,Named Road,383143,462335,2000,20000,382985,462196,383295,462472,BD24,http://data.ordnancesurvey.co.uk/id/postcodedistrict/BD24,,,,Craven,http://data.ordnancesurvey.co.uk/id/7000000000021698,http://data.ordnancesurvey.co.uk/ontology/admingeo/District,North Yorkshire,http://data.ordnancesurvey.co.uk/id/7000000000022028,http://data.ordnancesurvey.co.uk/ontology/admingeo/County,Yorkshire and the Humber,http://data.ordnancesurvey.co.uk/id/7000000000041430,England,http://data.ordnancesurvey.co.uk/id/country/england,,,
9e00c2b4-4a68-4f6d-acad-6ff74734f092,http://data.ordnancesurvey.co.uk/id/9e00c2b4-4a68-4f6d-acad-6ff74734f092,Mill Hill Lane,,,,transportNetwork,Section Of Named Road,380922,464213,2000,25000,380830,464026,380958,464375,BD24,http://data.ordnancesurvey.co.uk/id/postcodedistrict/BD24,Giggleswick,http://data.ordnancesurvey.co.uk/id/4000000074565013,http://www.ordnancesurvey.co.uk/xml/codelists/localtype.xml#village,Craven,http://data.ordnancesurvey.co.uk/id/7000000000021698,http://data.ordnancesurvey.co.uk/ontology/admingeo/District,North Yorkshire,http://data.ordnancesurvey.co.uk/id/7000000000022028,http://data.ordnancesurvey.co.uk/ontology/admingeo/County,Yorkshire and the Humber,http://data.ordnancesurvey.co.uk/id/7000000000041430,England,http://data.ordnancesurvey.co.uk/id/country/england,osgb4000000009414898,,
cd579b69-7951-4889-86e4-b347e955dd9a,http://data.ordnancesurvey.co.uk/id/cd579b69-7951-4889-86e4-b347e955dd9a,Fell Lane,,,,transportNetwork,Section Of Named Road,397955,460049,1000,25000,397886,459933,398036,460155,BD23,http://data.ordnancesurvey.co.uk/id/postcodedistrict/BD23,Cracoe,http://data.ordnancesurvey.co.uk/id/4000000074567942,http://www.ordnancesurvey.co.uk/xml/codelists/localtype.xml#village,Craven,http://data.ordnancesurvey.co.uk/id/7000000000021698,http://data.ordnancesurvey.co.uk/ontology/admingeo/District,North Yorkshire,http://data.ordnancesurvey.co.uk/id/7000000000022028,http://data.ordnancesurvey.co.uk/ontology/admingeo/County,Yorkshire and the Humber,http://data.ordnancesurvey.co.uk/id/7000000000041430,England,http://data.ordnancesurvey.co.uk/id/country/england,osgb4000000009434407,,
osgb4000000009631540,http://data.ordnancesurvey.co.uk/id/4000000009631540,Locks Barn,,,,transportNetwork,Named Road,381963,465376,1000,20000,381910,465357,382022,465388,BD24,http://data.ordnancesurvey.co.uk/id/postcodedistrict/BD24,Langcliffe,http://data.ordnancesurvey.co.uk/id/4000000074565009,http://www.ordnancesurvey.co.uk/xml/codelists/localtype.xml#village,Craven,http://data.ordnancesurvey.co.uk/id/7000000000021698,http://data.ordnancesurvey.co.uk/ontology/admingeo/District,North Yorkshire,http://data.ordnancesurvey.co.uk/id/7000000000022028,http://data.ordnancesurvey.co.uk/ontology/admingeo/County,Yorkshire and the Humber,http://data.ordnancesurvey.co.uk/id/7000000000041430,England,http://data.ordnancesurvey.co.uk/id/country/england,,,
osgb4000000009412302,http://data.ordnancesurvey.co.uk/id/4000000009412302,Raines Road,,,,transportNetwork,Named Road,380886,463250,9000,20000,380611,462562,381076,464010,BD24,http://data.ordnancesurvey.co.uk/id/postcodedistrict/BD24,Giggleswick,http://data.ordnancesurvey.co.uk/id/4000000074565013,http://www.ordnancesurvey.co.uk/xml/codelists/localtype.xml#village,Craven,http://data.ordnancesurvey.co.uk/id/7000000000021698,http://data.ordnancesurvey.co.uk/ontology/admingeo/District,North Yorkshire,http://data.ordnancesurvey.co.uk/id/7000000000022028,http://data.ordnancesurvey.co.uk/ontology/admingeo/County,Yorkshire and the Humber,http://data.ordnancesurvey.co.uk/id/7000000000041430,England,http://data.ordnancesurvey.co.uk/id/country/england,,,
osgb5000005231366366,http://data.ordnancesurvey.co.uk/id/5000005231366366,Buckden Rake,,,,transportNetwork,Named Road,394076,477907,7000,20000,393957,477387,394241,478455,BD23,http://data.ordnancesurvey.co.uk/id/postcodedistrict/BD23,,,,Craven,http://data.ordnancesurvey.co.uk/id/7000000000021698,http://data.ordnancesurvey.co.uk/ontology/admingeo/District,North Yorkshire,http://data.ordnancesurvey.co.uk/id/7000000000022028,http://data.ordnancesurvey.co.uk/ontology/admingeo/County,Yorkshire and the Humber,http://data.ordnancesurvey.co.uk/id/7000000000041430,England,http://data.ordnancesurvey.co.uk/id/country/england,,,
osgb4000000009412335,http://data.ordnancesurvey.co.uk/id/4000000009412335,Boss Moor Lane,,,,transportNetwork,Named Road,396024,461230,7000,20000,395679,460679,396294,461707,BD23,http://data.ordnancesurvey.co.uk/id/postcodedistrict/BD23,,,,Craven,http://data.ordnancesurvey.co.uk/id/7000000000021698,http://data.ordnancesurvey.co.uk/ontology/admingeo/District,North Yorkshire,http://data.ordnancesurvey.co.uk/id/7000000000022028,http://data.ordnancesurvey.co.uk/ontology/admingeo/County,Yorkshire and the Humber,http://data.ordnancesurvey.co.uk/id/7000000000041430,England,http://data.ordnancesurvey.co.uk/id/country/england,,,
osgb4000000011107657,http://data.ordnancesurvey.co.uk/id/4000000011107657,B6160,,,,transportNetwork,Numbered Road,397461,469728,250000,255000,393606,449671,408084,488875,BD23,http://data.ordnancesurvey.co.uk/id/postcodedistrict/BD23,,,,Craven,http://data.ordnancesurvey.co.uk/id/7000000000021698,http://data.ordnancesurvey.co.uk/ontology/admingeo/District,North Yorkshire,http://data.ordnancesurvey.co.uk/id/7000000000022028,http://data.ordnancesurvey.co.uk/ontology/admingeo/County,Yorkshire and the Humber,http://data.ordnancesurvey.co.uk/id/7000000000041430,England,http://data.ordnancesurvey.co.uk/id/country/england,,,
osgb4000000009459019,http://data.ordnancesurvey.co.uk/id/4000000009459019,Kings Mill Lane,,,,transportNetwork,Named Road,381464,463771,1000,20000,381393,463733,381621,463863,BD24,http://data.ordnancesurvey.co.uk/id/postcodedistrict/BD24,Settle,http://data.ordnancesurvey.co.uk/id/4000000074565008,http://www.ordnancesurvey.co.uk/xml/codelists/localtype.xml#town,Craven,http://data.ordnancesurvey.co.uk/id/7000000000021698,http://data.ordnancesurvey.co.uk/ontology/admingeo/District,North Yorkshire,http://data.ordnancesurvey.co.uk/id/7000000000022028,http://data.ordnancesurvey.co.uk/ontology/admingeo/County,Yorkshire and the Humber,http://data.ordnancesurvey.co.uk/id/7000000000041430,England,http://data.ordnancesurvey.co.uk/id/country/england,,,
osgb5000005226945254,http://data.ordnancesurvey.co.uk/id/5000005226945254,Townhead Rise,,,,transportNetwork,Named Road,381979,463957,1000,20000,381963,463933,382024,463998,BD24,http://data.ordnancesurvey.co.uk/id/postcodedistrict/BD24,Settle,http://data.ordnancesurvey.co.uk/id/4000000074565008,http://www.ordnancesurvey.co.uk/xml/codelists/localtype.xml#town,Craven,http://data.ordnancesurvey.co.uk/id/7000000000021698,http://data.ordnancesurvey.co.uk/ontology/admingeo/District,North Yorkshire,http://data.ordnancesurvey.co.uk/id/7000000000022028,http://data.ordnancesurvey.co.uk/ontology/admingeo/County,Yorkshire and the Humber,http://data.ordnancesurvey.co.uk/id/7000000000041430,England,http://data.ordnancesurvey.co.uk/id/country/england,,,
osgb4000000009414929,http://data.ordnancesurvey.co.uk/id/4000000009414929,Grysedale Lane,,,,transportNetwork,Named Road,397916,463484,5000,20000,397825,463158,398067,463853,BD23,http://data.ordnancesurvey.co.uk/id/postcodedistrict/BD23,,,,Craven,http://data.ordnancesurvey.co.uk/id/7000000000021698,http://data.ordnancesurvey.co.uk/ontology/admingeo/District,North Yorkshire,http://data.ordnancesurvey.co.uk/id/7000000000022028,http://data.ordnancesurvey.co.uk/ontology/admingeo/County,Yorkshire and the Humber,http://data.ordnancesurvey.co.uk/id/7000000000041430,England,http://data.ordnancesurvey.co.uk/id/country/england,,,
4782a5ac-4cc4-487a-80d8-fe1d82521fe2,http://data.ordnancesurvey.co.uk/id/4782a5ac-4cc4-487a-80d8-fe1d82521fe2,Back Lane,,,,transportNetwork,Section Of Named Road,389935,462917,3000,25000,389909,462655,389995,463186,BD23,http://data.ordnancesurvey.co.uk/id/postcodedistrict/BD23,Malham,http://data.ordnancesurvey.co.uk/id/4000000074564690,http://www.ordnancesurvey.co.uk/xml/codelists/localtype.xml#village,Craven,http://data.ordnancesurvey.co.uk/id/7000000000021698,http://data.ordnancesurvey.co.uk/ontology/admingeo/District,North Yorkshire,http://data.ordnancesurvey.co.uk/id/7000000000022028,http://data.ordnancesurvey.co.uk/ontology/admingeo/County,Yorkshire and the Humber,http://data.ordnancesurvey.co.uk/id/7000000000041430,England,http://data.ordnancesurvey.co.uk/id/country/england,osgb4000000009434404,,
osgb4000000009434440,http://data.ordnancesurvey.co.uk/id/4000000009434440,Dog Hill Brow,,,,transportNetwork,Named Road,381798,467372,1000,20000,381781,467253,381906,467425,BD24,http://data.ordnancesurvey.co.uk/id/postcodedistrict/BD24,,,,Craven,http://data.ordnancesurvey.co.uk/id/7000000000021698,http://data.ordnancesurvey.co.uk/ontology/admingeo/District,North Yorkshire,http://data.ordnancesurvey.co.uk/id/7000000000022028,http://data.ordnancesurvey.co.uk/ontology/admingeo/County,Yorkshire and the Humber,http://data.ordnancesurvey.co.uk/id/7000000000041430,England,http://data.ordnancesurvey.co.uk/id/country/england,,,
osgb4000000010977484,http://data.ordnancesurvey.co.uk/id/4000000010977484,Bull Ing Lane,,,,transportNetwork,Named Road,399992,464387,1000,20000,399922,464341,400080,464439,BD23,http://data.ordnancesurvey.co.uk/id/postcodedistrict/BD23,Grassington,http://data.ordnancesurvey.co.uk/id/4000000074564363,http://www.ordnancesurvey.co.uk/xml/codelists/localtype.xml#village,Craven,http://data.ordnancesurvey.co.uk/id/7000000000021698,http://data.ordnancesurvey.co.uk/ontology/admingeo/District,North Yorkshire,http://data.ordnancesurvey.co.uk/id/7000000000022028,http://data.ordnancesurvey.co.uk/ontology/admingeo/County,Yorkshire and the Humber,http://data.ordnancesurvey.co.uk/id/7000000000041430,England,http://data.ordnancesurvey.co.uk/id/country/england,,,
osgb5000005231366933,http://data.ordnancesurvey.co.uk/id/5000005231366933,Top Mere Road,,,,transportNetwork,Named Road,397088,473899,18000,20000,396957,472492,397202,475295,BD23,http://data.ordnancesurvey.co.uk/id/postcodedistrict/BD23,,,,Craven,http://data.ordnancesurvey.co.uk/id/7000000000021698,http://data.ordnancesurvey.co.uk/ontology/admingeo/District,North Yorkshire,http://data.ordnancesurvey.co.uk/id/7000000000022028,http://data.ordnancesurvey.co.uk/ontology/admingeo/County,Yorkshire and the Humber,http://data.ordnancesurvey.co.uk/id/7000000000041430,England,http://data.ordnancesurvey.co.uk/id/country/england,,,
osgb4000000009449889,http://data.ordnancesurvey.co.uk/id/4000000009449889,Badger Gate,,,,transportNetwork,Named Road,399445,464000,1000,20000,399375,463947,399494,464075,BD23,http://data.ordnancesurvey.co.uk/id/postcodedistrict/BD23,Threshfield,http://data.ordnancesurvey.co.uk/id/4000000074564035,http://www.ordnancesurvey.co.uk/xml/codelists/localtype.xml#village,Craven,http://data.ordnancesurvey.co.uk/id/7000000000021698,http://data.ordnancesurvey.co.uk/ontology/admingeo/District,North Yorkshire,http://data.ordnancesurvey.co.uk/id/7000000000022028,http://data.ordnancesurvey.co.uk/ontology/admingeo/County,Yorkshire and the Humber,http://data.ordnancesurvey.co.uk/id/7000000000041430,England,http://data.ordnancesurvey.co.uk/id/country/england,,,
osgb5000005194147056,http://data.ordnancesurvey.co.uk/id/5000005194147056,The Ings,,,,transportNetwork,Named Road,381939,463359,1000,20000,381902,463328,381942,463370,BD24,http://data.ordnancesurvey.co.uk/id/postcodedistrict/BD24,Settle,http://data.ordnancesurvey.co.uk/id/4000000074565008,http://www.ordnancesurvey.co.uk/xml/codelists/localtype.xml#town,Craven,http://data.ordnancesurvey.co.uk/id/7000000000021698,http://data.ordnancesurvey.co.uk/ontology/admingeo/District,North Yorkshire,http://data.ordnancesurvey.co.uk/id/7000000000022028,http://data.ordnancesurvey.co.uk/ontology/admingeo/County,Yorkshire and the Humber,http://data.ordnancesurvey.co.uk/id/7000000000041430,England,http://data.ordnancesurvey.co.uk/id/country/england,,,
osgb5000005106335272,http://data.ordnancesurvey.co.uk/id/5000005106335272,Raines Garth,,,,transportNetwork,Named Road,381051,463765,1000,20000,381041,463727,381081,463792,BD24,http://data.ordnancesurvey.co.uk/id/postcodedistrict/BD24,Giggleswick,http://data.ordnancesurvey.co.uk/id/4000000074565013,http://www.ordnancesurvey.co.uk/xml/codelists/localtype.xml#village,Craven,http://data.ordnancesurvey.co.uk/id/7000000000021698,http://data.ordnancesurvey.co.uk/ontology/admingeo/District,North Yorkshire,http://data.ordnancesurvey.co.uk/id/7000000000022028,http://data.ordnancesurvey.co.uk/ontology/admingeo/County,Yorkshire and the Humber,http://data.ordnancesurvey.co.uk/id/7000000000041430,England,http://data.ordnancesurvey.co.uk/id/country/england,,,
osgb4000000009714905,http://data.ordnancesurvey.co.uk/id/4000000009714905,Brockhole Lane,,,,transportNetwork,Named Road,382018,462805,5000,20000,381997,462469,382069,463162,BD24,http://data.ordnancesurvey.co.uk/id/postcodedistrict/BD24,,,,Craven,http://data.ordnancesurvey.co.uk/id/7000000000021698,http://data.ordnancesurvey.co.uk/ontology/admingeo/District,North Yorkshire,http://data.ordnancesurvey.co.uk/id/7000000000022028,http://data.ordnancesurvey.co.uk/ontology/admingeo/County,Yorkshire and the Humber,http://data.ordnancesurvey.co.uk/id/7000000000041430,England,http://data.ordnancesurvey.co.uk/id/country/england,,,
1253fe02-7c78-4feb-abb1-98d2f459c60a,http://data.ordnancesurvey.co.uk/id/1253fe02-7c78-4feb-abb1-98d2f459c60a,Fleets Lane,,,,transportNetwork,Section Of Named Road,396423,460428,4000,25000,396294,460125,396475,460679,BD23,http://data.ordnancesurvey.co.uk/id/postcodedistrict/BD23,Fleets,http://data.ordnancesurvey.co.uk/id/4000000074568262,http://www.ordnancesurvey.co.uk/xml/codelists/localtype.xml#hamlet,Craven,http://data.ordnancesurvey.co.uk/id/7000000000021698,http://data.ordnancesurvey.co.uk/ontology/admingeo/District,North Yorkshire,http://data.ordnancesurvey.co.uk/id/7000000000022028,http://data.ordnancesurvey.co.uk/ontology/admingeo/County,Yorkshire and the Humber,http://data.ordnancesurvey.co.uk/id/7000000000041430,England,http://data.ordnancesurvey.co.uk/id/country/england,osgb4000000009412334,,
osgb4000000009606550,http://data.ordnancesurvey.co.uk/id/4000000009606550,Whitefriars Court,,,,transportNetwork,Named Road,381870,463795,1000,20000,381861,463693,381920,463865,BD24,http://data.ordnancesurvey.co.uk/id/postcodedistrict/BD24,Settle,http://data.ordnancesurvey.co.uk/id/4000000074565008,http://www.ordnancesurvey.co.uk/xml/codelists/localtype.xml#town,Craven,http://data.ordnancesurvey.co.uk/id/7000000000021698,http://data.ordnancesurvey.co.uk/ontology/admingeo/District,North Yorkshire,http://data.ordnancesurvey.co.uk/id/7000000000022028,http://data.ordnancesurvey.co.uk/ontology/admingeo/County,Yorkshire and the Humber,http://data.ordnancesurvey.co.uk/id/7000000000041430,England,http://data.ordnancesurvey.co.uk/id/country/england,,,
osgb4000000009459109,http://data.ordnancesurvey.co.uk/id/4000000009459109,Hillside Close,,,,transportNetwork,Named Road,397943,464802,1000,20000,397901,464781,397951,464802,BD23,http://data.ordnancesurvey.co.uk/id/postcodedistrict/BD23,Long Ashes,http://data.ordnancesurvey.co.uk/id/4000000074564364,http://www.ordnancesurvey.co.uk/xml/codelists/localtype.xml#village,Craven,http://data.ordnancesurvey.co.uk/id/7000000000021698,http://data.ordnancesurvey.co.uk/ontology/admingeo/District,North Yorkshire,http://data.ordnancesurvey.co.uk/id/7000000000022028,http://data.ordnancesurvey.co.uk/ontology/admingeo/County,Yorkshire and the Humber,http://data.ordnancesurvey.co.uk/id/7000000000041430,England,http://data.ordnancesurvey.co.uk/id/country/england,,,
osgb4000000009414896,http://data.ordnancesurvey.co.uk/id/4000000009414896,Bankwell Road,,,,transportNetwork,Named Road,381206,463679,4000,20000,380997,463422,381292,464026,BD24,http://data.ordnancesurvey.co.uk/id/postcodedistrict/BD24,Giggleswick,http://data.ordnancesurvey.co.uk/id/4000000074565013,http://www.ordnancesurvey.co.uk/xml/codelists/localtype.xml#village,Craven,http://data.ordnancesurvey.co.uk/id/7000000000021698,http://data.ordnancesurvey.co.uk/ontology/admingeo/District,North Yorkshire,http://data.ordnancesurvey.co.uk/id/7000000000022028,http://data.ordnancesurvey.co.uk/ontology/admingeo/County,Yorkshire and the Humber,http://data.ordnancesurvey.co.uk/id/7000000000041430,England,http://data.ordnancesurvey.co.uk/id/country/england,,,
osgb4000000009646509,http://data.ordnancesurvey.co.uk/id/4000000009646509,Grove Park Gardens,,,,transportNetwork,Named Road,381942,463392,1000,20000,381926,463365,381950,463399,BD24,http://data.ordnancesurvey.co.uk/id/postcodedistrict/BD24,Settle,http://data.ordnancesurvey.co.uk/id/4000000074565008,http://www.ordnancesurvey.co.uk/xml/codelists/localtype.xml#town,Craven,http://data.ordnancesurvey.co.uk/id/7000000000021698,http://data.ordnancesurvey.co.uk/ontology/admingeo/District,North Yorkshire,http://data.ordnancesurvey.co.uk/id/7000000000022028,http://data.ordnancesurvey.co.uk/ontology/admingeo/County,Yorkshire and the Humber,http://data.ordnancesurvey.co.uk/id/7000000000041430,England,http://data.ordnancesurvey.co.uk/id/country/england,,,
osgb5000005231366929,http://data.ordnancesurvey.co.uk/id/5000005231366929,Starbotton Road,,,,transportNetwork,Named Road,396891,475218,5000,20000,396514,475206,397218,475490,BD23,http://data.ordnancesurvey.co.uk/id/postcodedistrict/BD23,,,,Craven,http://data.ordnancesurvey.co.uk/id/7000000000021698,http://data.ordnancesurvey.co.uk/ontology/admingeo/District,North Yorkshire,http://data.ordnancesurvey.co.uk/id/7000000000022028,http://data.ordnancesurvey.co.uk/ontology/admingeo/County,Yorkshire and the Humber,http://data.ordnancesurvey.co.uk/id/7000000000041430,England,http://data.ordnancesurvey.co.uk/id/country/england,,,
osgb5000005232279572,http://data.ordnancesurvey.co.uk/id/5000005232279572,Garrows Lane,,,,transportNetwork,Named Road,399639,462528,1000,20000,399596,462434,399686,462657,BD23,http://data.ordnancesurvey.co.uk/id/postcodedistrict/BD23,,,,Craven,http://data.ordnancesurvey.co.uk/id/7000000000021698,http://data.ordnancesurvey.co.uk/ontology/admingeo/District,North Yorkshire,http://data.ordnancesurvey.co.uk/id/7000000000022028,http://data.ordnancesurvey.co.uk/ontology/admingeo/County,Yorkshire and the Humber,http://data.ordnancesurvey.co.uk/id/7000000000041430,England,http://data.ordnancesurvey.co.uk/id/country/england,,,
f09da52e-1b7e-4a72-a2b6-b5435a18ab76,http://data.ordnancesurvey.co.uk/id/f09da52e-1b7e-4a72-a2b6-b5435a18ab76,Dog Hill Brow,,,,transportNetwork,Section Of Named Road,381868,467404,1000,25000,381859,467400,381906,467425,BD24,http://data.ordnancesurvey.co.uk/id/postcodedistrict/BD24,Stainforth,http://data.ordnancesurvey.co.uk/id/4000000074565011,http://www.ordnancesurvey.co.uk/xml/codelists/localtype.xml#village,Craven,http://data.ordnancesurvey.co.uk/id/7000000000021698,http://data.ordnancesurvey.co.uk/ontology/admingeo/District,North Yorkshire,http://data.ordnancesurvey.co.uk/id/7000000000022028,http://data.ordnancesurvey.co.uk/ontology/admingeo/County,Yorkshire and the Humber,http://data.ordnancesurvey.co.uk/id/7000000000041430,England,http://data.ordnancesurvey.co.uk/id/country/england,osgb4000000009434440,,
osgb4000000009421146,http://data.ordnancesurvey.co.uk/id/4000000009421146,Cove Road,,,,transportNetwork,Named Road,389029,464572,20000,23000,387919,462808,390098,466338,BD23,http://data.ordnancesurvey.co.uk/id/postcodedistrict/BD23,,,,Craven,http://data.ordnancesurvey.co.uk/id/7000000000021698,http://data.ordnancesurvey.co.uk/ontology/admingeo/District,North Yorkshire,http://data.ordnancesurvey.co.uk/id/7000000000022028,http://data.ordnancesurvey.co.uk/ontology/admingeo/County,Yorkshire and the Humber,http://data.ordnancesurvey.co.uk/id/7000000000041430,England,http://data.ordnancesurvey.co.uk/id/country/england,,,
osgb5000005232279574,http://data.ordnancesurvey.co.uk/id/5000005232279574,Back Lane,,,,transportNetwork,Named Road,397733,463502,2000,20000,397595,463403,397888,463578,BD23,http://data.ordnancesurvey.co.uk/id/postcodedistrict/BD23,,,,Craven,http://data.ordnancesurvey.co.uk/id/7000000000021698,http://data.ordnancesurvey.co.uk/ontology/admingeo/District,North Yorkshire,http://data.ordnancesurvey.co.uk/id/7000000000022028,http://data.ordnancesurvey.co.uk/ontology/admingeo/County,Yorkshire and the Humber,http://data.ordnancesurvey.co.uk/id/7000000000041430,England,http://data.ordnancesurvey.co.uk/id/country/england,,,
osgb4000000009414898,http://data.ordnancesurvey.co.uk/id/4000000009414898,Mill Hill Lane,,,,transportNetwork,Named Road,380817,464396,5000,20000,380774,464026,380958,464801,BD24,http://data.ordnancesurvey.co.uk/id/postcodedistrict/BD24,,,,Craven,http://data.ordnancesurvey.co.uk/id/7000000000021698,http://data.ordnancesurvey.co.uk/ontology/admingeo/District,North Yorkshire,http://data.ordnancesurvey.co.uk/id/7000000000022028,http://data.ordnancesurvey.co.uk/ontology/admingeo/County,Yorkshire and the Humber,http://data.ordnancesurvey.co.uk/id/7000000000041430,England,http://data.ordnancesurvey.co.uk/id/country/england,,,
osgb4000000009606554,http://data.ordnancesurvey.co.uk/id/4000000009606554,Bankwell Close,,,,transportNetwork,Named Road,381041,463425,1000,20000,381038,463395,381041,463431,BD24,http://data.ordnancesurvey.co.uk/id/postcodedistrict/BD24,Giggleswick,http://data.ordnancesurvey.co.uk/id/4000000074565013,http://www.ordnancesurvey.co.uk/xml/codelists/localtype.xml#village,Craven,http://data.ordnancesurvey.co.uk/id/7000000000021698,http://data.ordnancesurvey.co.uk/ontology/admingeo/District,North Yorkshire,http://data.ordnancesurvey.co.uk/id/7000000000022028,http://data.ordnancesurvey.co.uk/ontology/admingeo/County,Yorkshire and the Humber,http://data.ordnancesurvey.co.uk/id/7000000000041430,England,http://data.ordnancesurvey.co.uk/id/country/england,,,
osgb4000000009434445,http://data.ordnancesurvey.co.uk/id/4000000009434445,Far Lane,,,,transportNetwork,Named Road,396977,472396,1000,20000,396875,472347,397068,472414,BD23,http://data.ordnancesurvey.co.uk/id/postcodedistrict/BD23,Kettlewell,http://data.ordnancesurvey.co.uk/id/4000000074564692,http://www.ordnancesurvey.co.uk/xml/codelists/localtype.xml#village,Craven,http://data.ordnancesurvey.co.uk/id/7000000000021698,http://data.ordnancesurvey.co.uk/ontology/admingeo/District,North Yorkshire,http://data.ordnancesurvey.co.uk/id/7000000000022028,http://data.ordnancesurvey.co.uk/ontology/admingeo/County,Yorkshire and the Humber,http://data.ordnancesurvey.co.uk/id/7000000000041430,England,http://data.ordnancesurvey.co.uk/id/country/england,,,
1079f017-4afa-4dd8-a1e4-fc2bb9bc54f0,http://data.ordnancesurvey.co.uk/id/1079f017-4afa-4dd8-a1e4-fc2bb9bc54f0,Langcliffe Road,,,,transportNetwork,Section Of Named Road,381837,464176,3000,25000,381679,464050,381893,464465,BD24,http://data.ordnancesurvey.co.uk/id/postcodedistrict/BD24,Settle,http://data.ordnancesurvey.co.uk/id/4000000074565008,http://www.ordnancesurvey.co.uk/xml/codelists/localtype.xml#town,Craven,http://data.ordnancesurvey.co.uk/id/7000000000021698,http://data.ordnancesurvey.co.uk/ontology/admingeo/District,North Yorkshire,http://data.ordnancesurvey.co.uk/id/7000000000022028,http://data.ordnancesurvey.co.uk/ontology/admingeo/County,Yorkshire and the Humber,http://data.ordnancesurvey.co.uk/id/7000000000041430,England,http://data.ordnancesurvey.co.uk/id/country/england,osgb4000000009421069,,
osgb4000000009459126,http://data.ordnancesurvey.co.uk/id/4000000009459126,Cam Garth,,,,transportNetwork,Named Road,396961,472426,1000,20000,396944,472396,396977,472460,BD23,http://data.ordnancesurvey.co.uk/id/postcodedistrict/BD23,Kettlewell,http://data.ordnancesurvey.co.uk/id/4000000074564692,http://www.ordnancesurvey.co.uk/xml/codelists/localtype.xml#village,Craven,http://data.ordnancesurvey.co.uk/id/7000000000021698,http://data.ordnancesurvey.co.uk/ontology/admingeo/District,North Yorkshire,http://data.ordnancesurvey.co.uk/id/7000000000022028,http://data.ordnancesurvey.co.uk/ontology/admingeo/County,Yorkshire and the Humber,http://data.ordnancesurvey.co.uk/id/7000000000041430,England,http://data.ordnancesurvey.co.uk/id/country/england,,,
osgb4000000009459016,http://data.ordnancesurvey.co.uk/id/4000000009459016,Tems Side,,,,transportNetwork,Named Road,381106,463845,1000,20000,381089,463844,381119,463846,BD24,http://data.ordnancesurvey.co.uk/id/postcodedistrict/BD24,Giggleswick,http://data.ordnancesurvey.co.uk/id/4000000074565013,http://www.ordnancesurvey.co.uk/xml/codelists/localtype.xml#village,Craven,http://data.ordnancesurvey.co.uk/id/7000000000021698,http://data.ordnancesurvey.co.uk/ontology/admingeo/District,North Yorkshire,http://data.ordnancesurvey.co.uk/id/7000000000022028,http://data.ordnancesurvey.co.uk/ontology/admingeo/County,Yorkshire and the Humber,http://data.ordnancesurvey.co.uk/id/7000000000041430,England,http://data.ordnancesurvey.co.uk/id/country/england,,,
e21fd59a-ffd6-41ed-8c4c-69bac0f9f134,http://data.ordnancesurvey.co.uk/id/e21fd59a-ffd6-41ed-8c4c-69bac0f9f134,The Drive,,,,transportNetwork,Section Of Named Road,398081,464746,2000,25000,397896,464660,398271,464806,BD23,http://data.ordnancesurvey.co.uk/id/postcodedistrict/BD23,Long Ashes,http://data.ordnancesurvey.co.uk/id/4000000074564364,http://www.ordnancesurvey.co.uk/xml/codelists/localtype.xml#village,Craven,http://data.ordnancesurvey.co.uk/id/7000000000021698,http://data.ordnancesurvey.co.uk/ontology/admingeo/District,North Yorkshire,http://data.ordnancesurvey.co.uk/id/7000000000022028,http://data.ordnancesurvey.co.uk/ontology/admingeo/County,Yorkshire and the Humber,http://data.ordnancesurvey.co.uk/id/7000000000041430,England,http://data.ordnancesurvey.co.uk/id/country/england,osgb4000000009421151,,
osgb5000005232279829,http://data.ordnancesurvey.co.uk/id/5000005232279829,Windy Pike Lane,,,,transportNetwork,Named Road,390815,461818,7000,20000,390313,461521,391461,461966,BD23,http://data.ordnancesurvey.co.uk/id/postcodedistrict/BD23,,,,Craven,http://data.ordnancesurvey.co.uk/id/7000000000021698,http://data.ordnancesurvey.co.uk/ontology/admingeo/District,North Yorkshire,http://data.ordnancesurvey.co.uk/id/7000000000022028,http://data.ordnancesurvey.co.uk/ontology/admingeo/County,Yorkshire and the Humber,http://data.ordnancesurvey.co.uk/id/7000000000041430,England,http://data.ordnancesurvey.co.uk/id/country/england,,,
osgb4000000009412355,http://data.ordnancesurvey.co.uk/id/4000000009412355,Henside Lane,,,,transportNetwork,Named Road,385000,467010,9000,20000,384333,466564,385702,467254,BD24,http://data.ordnancesurvey.co.uk/id/postcodedistrict/BD24,,,,Craven,http://data.ordnancesurvey.co.uk/id/7000000000021698,http://data.ordnancesurvey.co.uk/ontology/admingeo/District,North Yorkshire,http://data.ordnancesurvey.co.uk/id/7000000000022028,http://data.ordnancesurvey.co.uk/ontology/admingeo/County,Yorkshire and the Humber,http://data.ordnancesurvey.co.uk/id/7000000000041430,England,http://data.ordnancesurvey.co.uk/id/country/england,,,
osgb4000000009411251,http://data.ordnancesurvey.co.uk/id/4000000009411251,Stainforth Lane,,,,transportNetwork,Named Road,381655,466388,11000,20000,381402,465549,381821,467198,BD24,http://data.ordnancesurvey.co.uk/id/postcodedistrict/BD24,,,,Craven,http://data.ordnancesurvey.co.uk/id/7000000000021698,http://data.ordnancesurvey.co.uk/ontology/admingeo/District,North Yorkshire,http://data.ordnancesurvey.co.uk/id/7000000000022028,http://data.ordnancesurvey.co.uk/ontology/admingeo/County,Yorkshire and the Humber,http://data.ordnancesurvey.co.uk/id/7000000000041430,England,http://data.ordnancesurvey.co.uk/id/country/england,,,
osgb4000000009434269,http://data.ordnancesurvey.co.uk/id/4000000009434269,Mill Close,,,,transportNetwork,Named Road,381534,463847,1000,20000,381473,463784,381621,463968,BD24,http://data.ordnancesurvey.co.uk/id/postcodedistrict/BD24,Settle,http://data.ordnancesurvey.co.uk/id/4000000074565008,http://www.ordnancesurvey.co.uk/xml/codelists/localtype.xml#town,Craven,http://data.ordnancesurvey.co.uk/id/7000000000021698,http://data.ordnancesurvey.co.uk/ontology/admingeo/District,North Yorkshire,http://data.ordnancesurvey.co.uk/id/7000000000022028,http://data.ordnancesurvey.co.uk/ontology/admingeo/County,Yorkshire and the Humber,http://data.ordnancesurvey.co.uk/id/7000000000041430,England,http://data.ordnancesurvey.co.uk/id/country/england,,,
d665b60d-79cc-4b45-8696-a364c2e4033a,http://data.ordnancesurvey.co.uk/id/d665b60d-79cc-4b45-8696-a364c2e4033a,Stainforth Road,,,,transportNetwork,Section Of Named Road,382081,465491,5000,25000,382022,465056,382225,465852,BD24,http://data.ordnancesurvey.co.uk/id/postcodedistrict/BD24,Langcliffe,http://data.ordnancesurvey.co.uk/id/4000000074565009,http://www.ordnancesurvey.co.uk/xml/codelists/localtype.xml#village,Craven,http://data.ordnancesurvey.co.uk/id/7000000000021698,http://data.ordnancesurvey.co.uk/ontology/admingeo/District,North Yorkshire,http://data.ordnancesurvey.co.uk/id/7000000000022028,http://data.ordnancesurvey.co.uk/ontology/admingeo/County,Yorkshire and the Humber,http://data.ordnancesurvey.co.uk/id/7000000000041430,England,http://data.ordnancesurvey.co.uk/id/country/england,osgb4000000009414899,,
osgb4000000009489234,http://data.ordnancesurvey.co.uk/id/4000000009489234,Ingfield Lane,,,,transportNetwork,Named Road,381918,463138,3000,20000,381672,463092,382135,463191,BD24,http://data.ordnancesurvey.co.uk/id/postcodedistrict/BD24,Settle,http://data.ordnancesurvey.co.uk/id/4000000074565008,http://www.ordnancesurvey.co.uk/xml/codelists/localtype.xml#town,Craven,http://data.ordnancesurvey.co.uk/id/7000000000021698,http://data.ordnancesurvey.co.uk/ontology/admingeo/District,North Yorkshire,http://data.ordnancesurvey.co.uk/id/7000000000022028,http://data.ordnancesurvey.co.uk/ontology/admingeo/County,Yorkshire and the Humber,http://data.ordnancesurvey.co.uk/id/7000000000041430,England,http://data.ordnancesurvey.co.uk/id/country/england,,,
2bca80e3-ff0e-48b4-ba38-81a616f4c5fb,http://data.ordnancesurvey.co.uk/id/2bca80e3-ff0e-48b4-ba38-81a616f4c5fb,Brackenber Lane,,,,transportNetwork,Section Of Named Road,380901,463322,1000,25000,380844,463306,380947,463331,BD24,http://data.ordnancesurvey.co.uk/id/postcodedistrict/BD24,Giggleswick,http://data.ordnancesurvey.co.uk/id/4000000074565013,http://www.ordnancesurvey.co.uk/xml/codelists/localtype.xml#village,Craven,http://data.ordnancesurvey.co.uk/id/7000000000021698,http://data.ordnancesurvey.co.uk/ontology/admingeo/District,North Yorkshire,http://data.ordnancesurvey.co.uk/id/7000000000022028,http://data.ordnancesurvey.co.uk/ontology/admingeo/County,Yorkshire and the Humber,http://data.ordnancesurvey.co.uk/id/7000000000041430,England,http://data.ordnancesurvey.co.uk/id/country/england,osgb4000000009414892,,
osgb4000000009449741,http://data.ordnancesurvey.co.uk/id/4000000009449741,Birchwood Close,,,,transportNetwork,Named Road,381920,463212,1000,20000,381885,463192,381957,463235,BD24,http://data.ordnancesurvey.co.uk/id/postcodedistrict/BD24,Settle,http://data.ordnancesurvey.co.uk/id/4000000074565008,http://www.ordnancesurvey.co.uk/xml/codelists/localtype.xml#town,Craven,http://data.ordnancesurvey.co.uk/id/7000000000021698,http://data.ordnancesurvey.co.uk/ontology/admingeo/District,North Yorkshire,http://data.ordnancesurvey.co.uk/id/7000000000022028,http://data.ordnancesurvey.co.uk/ontology/admingeo/County,Yorkshire and the Humber,http://data.ordnancesurvey.co.uk/id/7000000000041430,England,http://data.ordnancesurvey.co.uk/id/country/england,,,
372b6114-c99d-400f-9e7c-9ec38db95d2d,http://data.ordnancesurvey.co.uk/id/372b6114-c99d-400f-9e7c-9ec38db95d2d,Green Gate,,,,transportNetwork,Section Of Named Road,390086,461241,1000,25000,389975,461153,390170,461321,BD23,http://data.ordnancesurvey.co.uk/id/postcodedistrict/BD23,Hanlith,http://data.ordnancesurvey.co.uk/id/4000000074568268,http://www.ordnancesurvey.co.uk/xml/codelists/localtype.xml#hamlet,Craven,http://data.ordnancesurvey.co.uk/id/7000000000021698,http://data.ordnancesurvey.co.uk/ontology/admingeo/District,North Yorkshire,http://data.ordnancesurvey.co.uk/id/7000000000022028,http://data.ordnancesurvey.co.uk/ontology/admingeo/County,Yorkshire and the Humber,http://data.ordnancesurvey.co.uk/id/7000000000041430,England,http://data.ordnancesurvey.co.uk/id/country/england,osgb4000000009414925,,
osgb4000000009434270,http://data.ordnancesurvey.co.uk/id/4000000009434270,Town Head Avenue,,,,transportNetwork,Named Road,382086,463912,1000,20000,382063,463841,382088,463978,BD24,http://data.ordnancesurvey.co.uk/id/postcodedistrict/BD24,Settle,http://data.ordnancesurvey.co.uk/id/4000000074565008,http://www.ordnancesurvey.co.uk/xml/codelists/localtype.xml#town,Craven,http://data.ordnancesurvey.co.uk/id/7000000000021698,http://data.ordnancesurvey.co.uk/ontology/admingeo/District,North Yorkshire,http://data.ordnancesurvey.co.uk/id/7000000000022028,http://data.ordnancesurvey.co.uk/ontology/admingeo/County,Yorkshire and the Humber,http://data.ordnancesurvey.co.uk/id/7000000000041430,England,http://data.ordnancesurvey.co.uk/id/country/england,,,
osgb4000000009714906,http://data.ordnancesurvey.co.uk/id/4000000009714906,Ingfield Crescent,,,,transportNetwork,Named Road,381600,462991,1000,20000,381582,462978,381618,463004,BD24,http://data.ordnancesurvey.co.uk/id/postcodedistrict/BD24,Settle,http://data.ordnancesurvey.co.uk/id/4000000074565008,http://www.ordnancesurvey.co.uk/xml/codelists/localtype.xml#town,Craven,http://data.ordnancesurvey.co.uk/id/7000000000021698,http://data.ordnancesurvey.co.uk/ontology/admingeo/District,North Yorkshire,http://data.ordnancesurvey.co.uk/id/7000000000022028,http://data.ordnancesurvey.co.uk/ontology/admingeo/County,Yorkshire and the Humber,http://data.ordnancesurvey.co.uk/id/7000000000041430,England,http://data.ordnancesurvey.co.uk/id/country/england,,,
osgb5000005231366922,http://data.ordnancesurvey.co.uk/id/5000005231366922,Tippering Lane,,,,transportNetwork,Named Road,398403,472294,2000,20000,398289,472281,398526,472301,BD23,http://data.ordnancesurvey.co.uk/id/postcodedistrict/BD23,,,,Craven,http://data.ordnancesurvey.co.uk/id/7000000000021698,http://data.ordnancesurvey.co.uk/ontology/admingeo/District,North Yorkshire,http://data.ordnancesurvey.co.uk/id/7000000000022028,http://data.ordnancesurvey.co.uk/ontology/admingeo/County,Yorkshire and the Humber,http://data.ordnancesurvey.co.uk/id/7000000000041430,England,http://data.ordnancesurvey.co.uk/id/country/england,,,
c2de21e7-28af-4c72-9585-6c5f34bbca2d,http://data.ordnancesurvey.co.uk/id/c2de21e7-28af-4c72-9585-6c5f34bbca2d,Walden Road,,,,transportNetwork,Section Of Named Road,395346,474903,1000,25000,395322,474875,395369,474955,BD23,http://data.ordnancesurvey.co.uk/id/postcodedistrict/BD23,Starbotton,http://data.ordnancesurvey.co.uk/id/4000000074564693,http://www.ordnancesurvey.co.uk/xml/codelists/localtype.xml#village,Craven,http://data.ordnancesurvey.co.uk/id/7000000000021698,http://data.ordnancesurvey.co.uk/ontology/admingeo/District,North Yorkshire,http://data.ordnancesurvey.co.uk/id/7000000000022028,http://data.ordnancesurvey.co.uk/ontology/admingeo/County,Yorkshire and the Humber,http://data.ordnancesurvey.co.uk/id/7000000000041430,England,http://data.ordnancesurvey.co.uk/id/country/england,osgb5000005231366939,,
77b7195c-7c82-4904-a01f-fea8ee1eb791,http://data.ordnancesurvey.co.uk/id/77b7195c-7c82-4904-a01f-fea8ee1eb791,Craven Bank Lane,,,,transportNetwork,Section Of Named Road,380860,463999,2000,25000,380721,463992,380958,464062,BD24,http://data.ordnancesurvey.co.uk/id/postcodedistrict/BD24,Giggleswick,http://data.ordnancesurvey.co.uk/id/4000000074565013,http://www.ordnancesurvey.co.uk/xml/codelists/localtype.xml#village,Craven,http://data.ordnancesurvey.co.uk/id/7000000000021698,http://data.ordnancesurvey.co.uk/ontology/admingeo/District,North Yorkshire,http://data.ordnancesurvey.co.uk/id/7000000000022028,http://data.ordnancesurvey.co.uk/ontology/admingeo/County,Yorkshire and the Humber,http://data.ordnancesurvey.co.uk/id/7000000000041430,England,http://data.ordnancesurvey.co.uk/id/country/england,osgb4000000009412303,,
osgb4000000010954785,http://data.ordnancesurvey.co.uk/id/4000000010954785,Raines Lea,,,,transportNetwork,Named Road,400000,464067,1000,20000,399992,464048,400023,464105,BD23,http://data.ordnancesurvey.co.uk/id/postcodedistrict/BD23,Grassington,http://data.ordnancesurvey.co.uk/id/4000000074564363,http://www.ordnancesurvey.co.uk/xml/codelists/localtype.xml#village,Craven,http://data.ordnancesurvey.co.uk/id/7000000000021698,http://data.ordnancesurvey.co.uk/ontology/admingeo/District,North Yorkshire,http://data.ordnancesurvey.co.uk/id/7000000000022028,http://data.ordnancesurvey.co.uk/ontology/admingeo/County,Yorkshire and the Humber,http://data.ordnancesurvey.co.uk/id/7000000000041430,England,http://data.ordnancesurvey.co.uk/id/country/england,,,
osgb4000000009460999,http://data.ordnancesurvey.co.uk/id/4000000009460999,Gordale Close,,,,transportNetwork,Named Road,397845,464953,1000,20000,397845,464929,397846,464953,BD23,http://data.ordnancesurvey.co.uk/id/postcodedistrict/BD23,Long Ashes,http://data.ordnancesurvey.co.uk/id/4000000074564364,http://www.ordnancesurvey.co.uk/xml/codelists/localtype.xml#village,Craven,http://data.ordnancesurvey.co.uk/id/7000000000021698,http://data.ordnancesurvey.co.uk/ontology/admingeo/District,North Yorkshire,http://data.ordnancesurvey.co.uk/id/7000000000022028,http://data.ordnancesurvey.co.uk/ontology/admingeo/County,Yorkshire and the Humber,http://data.ordnancesurvey.co.uk/id/7000000000041430,England,http://data.ordnancesurvey.co.uk/id/country/england,,,
osgb4000000009449749,http://data.ordnancesurvey.co.uk/id/4000000009449749,High Street,,,,transportNetwork,Named Road,382035,463602,1000,20000,382024,463563,382047,463625,BD24,http://data.ordnancesurvey.co.uk/id/postcodedistrict/BD24,Settle,http://data.ordnancesurvey.co.uk/id/4000000074565008,http://www.ordnancesurvey.co.uk/xml/codelists/localtype.xml#town,Craven,http://data.ordnancesurvey.co.uk/id/7000000000021698,http://data.ordnancesurvey.co.uk/ontology/admingeo/District,North Yorkshire,http://data.ordnancesurvey.co.uk/id/7000000000022028,http://data.ordnancesurvey.co.uk/ontology/admingeo/County,Yorkshire and the Humber,http://data.ordnancesurvey.co.uk/id/7000000000041430,England,http://data.ordnancesurvey.co.uk/id/country/england,,,
osgb5000005154844475,http://data.ordnancesurvey.co.uk/id/5000005154844475,Branwell Court,,,,transportNetwork,Named Road,381745,462997,1000,20000,381738,462993,381773,462997,BD24,http://data.ordnancesurvey.co.uk/id/postcodedistrict/BD24,,,,Craven,http://data.ordnancesurvey.co.uk/id/7000000000021698,http://data.ordnancesurvey.co.uk/ontology/admingeo/District,North Yorkshire,http://data.ordnancesurvey.co.uk/id/7000000000022028,http://data.ordnancesurvey.co.uk/ontology/admingeo/County,Yorkshire and the Humber,http://data.ordnancesurvey.co.uk/id/7000000000041430,England,http://data.ordnancesurvey.co.uk/id/country/england,,,
osgb5000005231365437,http://data.ordnancesurvey.co.uk/id/5000005231365437,Highgate Leys Lane,,,,transportNetwork,Named Road,398058,470714,6000,20000,397623,470430,398493,470903,BD23,http://data.ordnancesurvey.co.uk/id/postcodedistrict/BD23,,,,Craven,http://data.ordnancesurvey.co.uk/id/7000000000021698,http://data.ordnancesurvey.co.uk/ontology/admingeo/District,North Yorkshire,http://data.ordnancesurvey.co.uk/id/7000000000022028,http://data.ordnancesurvey.co.uk/ontology/admingeo/County,Yorkshire and the Humber,http://data.ordnancesurvey.co.uk/id/7000000000041430,England,http://data.ordnancesurvey.co.uk/id/country/england,,,
6a1baccf-8c2f-4d5d-9f99-4117536b2786,http://data.ordnancesurvey.co.uk/id/6a1baccf-8c2f-4d5d-9f99-4117536b2786,Bankwell Road,,,,transportNetwork,Section Of Named Road,381206,463679,4000,25000,380997,463422,381292,464026,BD24,http://data.ordnancesurvey.co.uk/id/postcodedistrict/BD24,Giggleswick,http://data.ordnancesurvey.co.uk/id/4000000074565013,http://www.ordnancesurvey.co.uk/xml/codelists/localtype.xml#village,Craven,http://data.ordnancesurvey.co.uk/id/7000000000021698,http://data.ordnancesurvey.co.uk/ontology/admingeo/District,North Yorkshire,http://data.ordnancesurvey.co.uk/id/7000000000022028,http://data.ordnancesurvey.co.uk/ontology/admingeo/County,Yorkshire and the Humber,http://data.ordnancesurvey.co.uk/id/7000000000041430,England,http://data.ordnancesurvey.co.uk/id/country/england,osgb4000000009414896,,
osgb4000000009449757,http://data.ordnancesurvey.co.uk/id/4000000009449757,Pike Lane,,,,transportNetwork,Named Road,382389,465446,4000,20000,382256,465070,382573,465758,BD24,http://data.ordnancesurvey.co.uk/id/postcodedistrict/BD24,,,,Craven,http://data.ordnancesurvey.co.uk/id/7000000000021698,http://data.ordnancesurvey.co.uk/ontology/admingeo/District,North Yorkshire,http://data.ordnancesurvey.co.uk/id/7000000000022028,http://data.ordnancesurvey.co.uk/ontology/admingeo/County,Yorkshire and the Humber,http://data.ordnancesurvey.co.uk/id/7000000000041430,England,http://data.ordnancesurvey.co.uk/id/country/england,,,
6efad854-d07f-43b3-b626-cfef945043a9,http://data.ordnancesurvey.co.uk/id/6efad854-d07f-43b3-b626-cfef945043a9,Green Gate,,,,transportNetwork,Section Of Named Road,389588,461011,1000,25000,389490,460970,389676,461041,BD23,http://data.ordnancesurvey.co.uk/id/postcodedistrict/BD23,Kirkby Malham,http://data.ordnancesurvey.co.uk/id/4000000074563390,http://www.ordnancesurvey.co.uk/xml/codelists/localtype.xml#village,Craven,http://data.ordnancesurvey.co.uk/id/7000000000021698,http://data.ordnancesurvey.co.uk/ontology/admingeo/District,North Yorkshire,http://data.ordnancesurvey.co.uk/id/7000000000022028,http://data.ordnancesurvey.co.uk/ontology/admingeo/County,Yorkshire and the Humber,http://data.ordnancesurvey.co.uk/id/7000000000041430,England,http://data.ordnancesurvey.co.uk/id/country/england,osgb4000000009414925,,
osgb4000000009421065,http://data.ordnancesurvey.co.uk/id/4000000009421065,The Sidings,,,,transportNetwork,Named Road,381689,463307,2000,20000,381633,463118,381778,463482,BD24,http://data.ordnancesurvey.co.uk/id/postcodedistrict/BD24,Settle,http://data.ordnancesurvey.co.uk/id/4000000074565008,http://www.ordnancesurvey.co.uk/xml/codelists/localtype.xml#town,Craven,http://data.ordnancesurvey.co.uk/id/7000000000021698,http://data.ordnancesurvey.co.uk/ontology/admingeo/District,North Yorkshire,http://data.ordnancesurvey.co.uk/id/7000000000022028,http://data.ordnancesurvey.co.uk/ontology/admingeo/County,Yorkshire and the Humber,http://data.ordnancesurvey.co.uk/id/7000000000041430,England,http://data.ordnancesurvey.co.uk/id/country/england,,,
osgb4000000009421150,http://data.ordnancesurvey.co.uk/id/4000000009421150,Hillside Drive,,,,transportNetwork,Named Road,397905,464834,1000,20000,397899,464743,397916,464930,BD23,http://data.ordnancesurvey.co.uk/id/postcodedistrict/BD23,Long Ashes,http://data.ordnancesurvey.co.uk/id/4000000074564364,http://www.ordnancesurvey.co.uk/xml/codelists/localtype.xml#village,Craven,http://data.ordnancesurvey.co.uk/id/7000000000021698,http://data.ordnancesurvey.co.uk/ontology/admingeo/District,North Yorkshire,http://data.ordnancesurvey.co.uk/id/7000000000022028,http://data.ordnancesurvey.co.uk/ontology/admingeo/County,Yorkshire and the Humber,http://data.ordnancesurvey.co.uk/id/7000000000041430,England,http://data.ordnancesurvey.co.uk/id/country/england,,,
osgb4000000009461004,http://data.ordnancesurvey.co.uk/id/4000000009461004,Langcliffe Garth,,,,transportNetwork,Named Road,397319,472291,1000,20000,397304,472283,397325,472305,BD23,http://data.ordnancesurvey.co.uk/id/postcodedistrict/BD23,Kettlewell,http://data.ordnancesurvey.co.uk/id/4000000074564692,http://www.ordnancesurvey.co.uk/xml/codelists/localtype.xml#village,Craven,http://data.ordnancesurvey.co.uk/id/7000000000021698,http://data.ordnancesurvey.co.uk/ontology/admingeo/District,North Yorkshire,http://data.ordnancesurvey.co.uk/id/7000000000022028,http://data.ordnancesurvey.co.uk/ontology/admingeo/County,Yorkshire and the Humber,http://data.ordnancesurvey.co.uk/id/7000000000041430,England,http://data.ordnancesurvey.co.uk/id/country/england,,,
osgb4000000009652511,http://data.ordnancesurvey.co.uk/id/4000000009652511,Middle Craven Road,,,,transportNetwork,Named Road,381631,463979,1000,20000,381619,463887,381651,463995,BD24,http://data.ordnancesurvey.co.uk/id/postcodedistrict/BD24,Settle,http://data.ordnancesurvey.co.uk/id/4000000074565008,http://www.ordnancesurvey.co.uk/xml/codelists/localtype.xml#town,Craven,http://data.ordnancesurvey.co.uk/id/7000000000021698,http://data.ordnancesurvey.co.uk/ontology/admingeo/District,North Yorkshire,http://data.ordnancesurvey.co.uk/id/7000000000022028,http://data.ordnancesurvey.co.uk/ontology/admingeo/County,Yorkshire and the Humber,http://data.ordnancesurvey.co.uk/id/7000000000041430,England,http://data.ordnancesurvey.co.uk/id/country/england,,,
8522f793-c7ff-4ee6-9630-e1d83b689093,http://data.ordnancesurvey.co.uk/id/8522f793-c7ff-4ee6-9630-e1d83b689093,Scot Gate Lane,,,,transportNetwork,Section Of Named Road,398106,467692,1000,25000,398098,467686,398120,467711,BD23,http://data.ordnancesurvey.co.uk/id/postcodedistrict/BD23,Conistone,http://data.ordnancesurvey.co.uk/id/4000000074564366,http://www.ordnancesurvey.co.uk/xml/codelists/localtype.xml#village,Craven,http://data.ordnancesurvey.co.uk/id/7000000000021698,http://data.ordnancesurvey.co.uk/ontology/admingeo/District,North Yorkshire,http://data.ordnancesurvey.co.uk/id/7000000000022028,http://data.ordnancesurvey.co.uk/ontology/admingeo/County,Yorkshire and the Humber,http://data.ordnancesurvey.co.uk/id/7000000000041430,England,http://data.ordnancesurvey.co.uk/id/country/england,osgb5000005232274654,,
osgb5000005232274705,http://data.ordnancesurvey.co.uk/id/5000005232274705,Goat Scar Lane,,,,transportNetwork,Named Road,382755,467209,6000,20000,382291,467003,383188,467389,BD24,http://data.ordnancesurvey.co.uk/id/postcodedistrict/BD24,,,,Craven,http://data.ordnancesurvey.co.uk/id/7000000000021698,http://data.ordnancesurvey.co.uk/ontology/admingeo/District,North Yorkshire,http://data.ordnancesurvey.co.uk/id/7000000000022028,http://data.ordnancesurvey.co.uk/ontology/admingeo/County,Yorkshire and the Humber,http://data.ordnancesurvey.co.uk/id/7000000000041430,England,http://data.ordnancesurvey.co.uk/id/country/england,,,
osgb4000000009646508,http://data.ordnancesurvey.co.uk/id/4000000009646508,Bishopdale Court,,,,transportNetwork,Named Road,381893,463661,1000,20000,381889,463659,381895,463670,BD24,http://data.ordnancesurvey.co.uk/id/postcodedistrict/BD24,Settle,http://data.ordnancesurvey.co.uk/id/4000000074565008,http://www.ordnancesurvey.co.uk/xml/codelists/localtype.xml#town,Craven,http://data.ordnancesurvey.co.uk/id/7000000000021698,http://data.ordnancesurvey.co.uk/ontology/admingeo/District,North Yorkshire,http://data.ordnancesurvey.co.uk/id/7000000000022028,http://data.ordnancesurvey.co.uk/ontology/admingeo/County,Yorkshire and the Humber,http://data.ordnancesurvey.co.uk/id/7000000000041430,England,http://data.ordnancesurvey.co.uk/id/country/england,,,
osgb4000000009412331,http://data.ordnancesurvey.co.uk/id/4000000009412331,Chapel Gate,,,,transportNetwork,Named Road,389994,462584,3000,20000,389947,462341,390092,462808,BD23,http://data.ordnancesurvey.co.uk/id/postcodedistrict/BD23,,,,Craven,http://data.ordnancesurvey.co.uk/id/7000000000021698,http://data.ordnancesurvey.co.uk/ontology/admingeo/District,North Yorkshire,http://data.ordnancesurvey.co.uk/id/7000000000022028,http://data.ordnancesurvey.co.uk/ontology/admingeo/County,Yorkshire and the Humber,http://data.ordnancesurvey.co.uk/id/7000000000041430,England,http://data.ordnancesurvey.co.uk/id/country/england,,,
osgb4000000010928285,http://data.ordnancesurvey.co.uk/id/4000000010928285,Station Road,,,,transportNetwork,Named Road,399585,463870,8000,20000,398951,463702,400214,463948,BD23,http://data.ordnancesurvey.co.uk/id/postcodedistrict/BD23,Threshfield,http://data.ordnancesurvey.co.uk/id/4000000074564035,http://www.ordnancesurvey.co.uk/xml/codelists/localtype.xml#village,Craven,http://data.ordnancesurvey.co.uk/id/7000000000021698,http://data.ordnancesurvey.co.uk/ontology/admingeo/District,North Yorkshire,http://data.ordnancesurvey.co.uk/id/7000000000022028,http://data.ordnancesurvey.co.uk/ontology/admingeo/County,Yorkshire and the Humber,http://data.ordnancesurvey.co.uk/id/7000000000041430,England,http://data.ordnancesurvey.co.uk/id/country/england,,,
13335e8c-c842-4db7-a81c-ef557ef013fe,http://data.ordnancesurvey.co.uk/id/13335e8c-c842-4db7-a81c-ef557ef013fe,Harber Scar Lane,,,,transportNetwork,Section Of Named Road,380856,472785,1000,25000,380777,472686,380896,472871,BD24,http://data.ordnancesurvey.co.uk/id/postcodedistrict/BD24,Horton in Ribblesdale,http://data.ordnancesurvey.co.uk/id/4000000074565640,http://www.ordnancesurvey.co.uk/xml/codelists/localtype.xml#village,Craven,http://data.ordnancesurvey.co.uk/id/7000000000021698,http://data.ordnancesurvey.co.uk/ontology/admingeo/District,North Yorkshire,http://data.ordnancesurvey.co.uk/id/7000000000022028,http://data.ordnancesurvey.co.uk/ontology/admingeo/County,Yorkshire and the Humber,http://data.ordnancesurvey.co.uk/id/7000000000041430,England,http://data.ordnancesurvey.co.uk/id/country/england,osgb5000005231366416,,
osgb5000005232279817,http://data.ordnancesurvey.co.uk/id/5000005232279817,Dallicar Lane,,,,transportNetwork,Named Road,380428,463682,4000,20000,380114,463318,380708,463787,BD24,http://data.ordnancesurvey.co.uk/id/postcodedistrict/BD24,,,,Craven,http://data.ordnancesurvey.co.uk/id/7000000000021698,http://data.ordnancesurvey.co.uk/ontology/admingeo/District,North Yorkshire,http://data.ordnancesurvey.co.uk/id/7000000000022028,http://data.ordnancesurvey.co.uk/ontology/admingeo/County,Yorkshire and the Humber,http://data.ordnancesurvey.co.uk/id/7000000000041430,England,http://data.ordnancesurvey.co.uk/id/country/england,,,
osgb4000000009412337,http://data.ordnancesurvey.co.uk/id/4000000009412337,Lauradale Lane,,,,transportNetwork,Named Road,399227,462464,8000,20000,398581,461819,399866,463081,BD23,http://data.ordnancesurvey.co.uk/id/postcodedistrict/BD23,,,,Craven,http://data.ordnancesurvey.co.uk/id/7000000000021698,http://data.ordnancesurvey.co.uk/ontology/admingeo/District,North Yorkshire,http://data.ordnancesurvey.co.uk/id/7000000000022028,http://data.ordnancesurvey.co.uk/ontology/admingeo/County,Yorkshire and the Humber,http://data.ordnancesurvey.co.uk/id/7000000000041430,England,http://data.ordnancesurvey.co.uk/id/country/england,,,
osgb4000000009414925,http://data.ordnancesurvey.co.uk/id/4000000009414925,Green Gate,,,,transportNetwork,Named Road,389846,461049,4000,20000,389490,460970,390170,461321,BD23,http://data.ordnancesurvey.co.uk/id/postcodedistrict/BD23,,,,Craven,http://data.ordnancesurvey.co.uk/id/7000000000021698,http://data.ordnancesurvey.co.uk/ontology/admingeo/District,North Yorkshire,http://data.ordnancesurvey.co.uk/id/7000000000022028,http://data.ordnancesurvey.co.uk/ontology/admingeo/County,Yorkshire and the Humber,http://data.ordnancesurvey.co.uk/id/7000000000041430,England,http://data.ordnancesurvey.co.uk/id/country/england,,,
5a0abf8b-6233-4ed2-8bf2-920ff11ca5b0,http://data.ordnancesurvey.co.uk/id/5a0abf8b-6233-4ed2-8bf2-920ff11ca5b0,Austwick Close,,,,transportNetwork,Section Of Named Road,381832,463057,1000,25000,381831,463023,381847,463094,BD24,http://data.ordnancesurvey.co.uk/id/postcodedistrict/BD24,Settle,http://data.ordnancesurvey.co.uk/id/4000000074565008,http://www.ordnancesurvey.co.uk/xml/codelists/localtype.xml#town,Craven,http://data.ordnancesurvey.co.uk/id/7000000000021698,http://data.ordnancesurvey.co.uk/ontology/admingeo/District,North Yorkshire,http://data.ordnancesurvey.co.uk/id/7000000000022028,http://data.ordnancesurvey.co.uk/ontology/admingeo/County,Yorkshire and the Humber,http://data.ordnancesurvey.co.uk/id/7000000000041430,England,http://data.ordnancesurvey.co.uk/id/country/england,osgb5000005137611514,,
osgb4000000009412303,http://data.ordnancesurvey.co.uk/id/4000000009412303,Craven Bank Lane,,,,transportNetwork,Named Road,380134,464328,11000,20000,379232,463992,380958,464611,BD24,http://data.ordnancesurvey.co.uk/id/postcodedistrict/BD24,,,,Craven,http://data.ordnancesurvey.co.uk/id/7000000000021698,http://data.ordnancesurvey.co.uk/ontology/admingeo/District,North Yorkshire,http://data.ordnancesurvey.co.uk/id/7000000000022028,http://data.ordnancesurvey.co.uk/ontology/admingeo/County,Yorkshire and the Humber,http://data.ordnancesurvey.co.uk/id/7000000000041430,England,http://data.ordnancesurvey.co.uk/id/country/england,,,
osgb4000000009606557,http://data.ordnancesurvey.co.uk/id/4000000009606557,Townhead Croft,,,,transportNetwork,Named Road,382015,464046,1000,20000,381990,464028,382020,464046,BD24,http://data.ordnancesurvey.co.uk/id/postcodedistrict/BD24,Settle,http://data.ordnancesurvey.co.uk/id/4000000074565008,http://www.ordnancesurvey.co.uk/xml/codelists/localtype.xml#town,Craven,http://data.ordnancesurvey.co.uk/id/7000000000021698,http://data.ordnancesurvey.co.uk/ontology/admingeo/District,North Yorkshire,http://data.ordnancesurvey.co.uk/id/7000000000022028,http://data.ordnancesurvey.co.uk/ontology/admingeo/County,Yorkshire and the Humber,http://data.ordnancesurvey.co.uk/id/7000000000041430,England,http://data.ordnancesurvey.co.uk/id/country/england,,,
26bd08b0-253f-4e73-b1ae-76508bf298e9,http://data.ordnancesurvey.co.uk/id/26bd08b0-253f-4e73-b1ae-76508bf298e9,Dubb's Lane,,,,transportNetwork,Section Of Named Road,392822,478200,3000,25000,392610,478092,393035,478210,BD23,http://data.ordnancesurvey.co.uk/id/postcodedistrict/BD23,Hubberholme,http://data.ordnancesurvey.co.uk/id/4000000074568274,http://www.ordnancesurvey.co.uk/xml/codelists/localtype.xml#hamlet,Craven,http://data.ordnancesurvey.co.uk/id/7000000000021698,http://data.ordnancesurvey.co.uk/ontology/admingeo/District,North Yorkshire,http://data.ordnancesurvey.co.uk/id/7000000000022028,http://data.ordnancesurvey.co.uk/ontology/admingeo/County,Yorkshire and the Humber,http://data.ordnancesurvey.co.uk/id/7000000000041430,England,http://data.ordnancesurvey.co.uk/id/country/england,osgb4000000009412365,,
osgb4000000009421151,http://data.ordnancesurvey.co.uk/id/4000000009421151,The Drive,,,,transportNetwork,Named Road,398081,464746,2000,20000,397896,464660,398279,464810,BD23,http://data.ordnancesurvey.co.uk/id/postcodedistrict/BD23,Long Ashes,http://data.ordnancesurvey.co.uk/id/4000000074564364,http://www.ordnancesurvey.co.uk/xml/codelists/localtype.xml#village,Craven,http://data.ordnancesurvey.co.uk/id/7000000000021698,http://data.ordnancesurvey.co.uk/ontology/admingeo/District,North Yorkshire,http://data.ordnancesurvey.co.uk/id/7000000000022028,http://data.ordnancesurvey.co.uk/ontology/admingeo/County,Yorkshire and the Humber,http://data.ordnancesurvey.co.uk/id/7000000000041430,England,http://data.ordnancesurvey.co.uk/id/country/england,,,
osgb4000000009459018,http://data.ordnancesurvey.co.uk/id/4000000009459018,Kendalmans,,,,transportNetwork,Named Road,381290,463817,1000,20000,381258,463802,381311,463827,BD24,http://data.ordnancesurvey.co.uk/id/postcodedistrict/BD24,Giggleswick,http://data.ordnancesurvey.co.uk/id/4000000074565013,http://www.ordnancesurvey.co.uk/xml/codelists/localtype.xml#village,Craven,http://data.ordnancesurvey.co.uk/id/7000000000021698,http://data.ordnancesurvey.co.uk/ontology/admingeo/District,North Yorkshire,http://data.ordnancesurvey.co.uk/id/7000000000022028,http://data.ordnancesurvey.co.uk/ontology/admingeo/County,Yorkshire and the Humber,http://data.ordnancesurvey.co.uk/id/7000000000041430,England,http://data.ordnancesurvey.co.uk/id/country/england,,,
osgb4000000009449911,http://data.ordnancesurvey.co.uk/id/4000000009449911,Church Lane,,,,transportNetwork,Named Road,382036,467356,1000,20000,381983,467315,382079,467397,BD24,http://data.ordnancesurvey.co.uk/id/postcodedistrict/BD24,Stainforth,http://data.ordnancesurvey.co.uk/id/4000000074565011,http://www.ordnancesurvey.co.uk/xml/codelists/localtype.xml#village,Craven,http://data.ordnancesurvey.co.uk/id/7000000000021698,http://data.ordnancesurvey.co.uk/ontology/admingeo/District,North Yorkshire,http://data.ordnancesurvey.co.uk/id/7000000000022028,http://data.ordnancesurvey.co.uk/ontology/admingeo/County,Yorkshire and the Humber,http://data.ordnancesurvey.co.uk/id/7000000000041430,England,http://data.ordnancesurvey.co.uk/id/country/england,,,
847c3dca-35a9-4ca3-8756-e01d36596b46,http://data.ordnancesurvey.co.uk/id/847c3dca-35a9-4ca3-8756-e01d36596b46,Buckden Rake,,,,transportNetwork,Section Of Named Road,394240,477408,1000,25000,394234,477387,394241,477423,BD23,http://data.ordnancesurvey.co.uk/id/postcodedistrict/BD23,Buckden,http://data.ordnancesurvey.co.uk/id/4000000074568272,http://www.ordnancesurvey.co.uk/xml/codelists/localtype.xml#village,Craven,http://data.ordnancesurvey.co.uk/id/7000000000021698,http://data.ordnancesurvey.co.uk/ontology/admingeo/District,North Yorkshire,http://data.ordnancesurvey.co.uk/id/7000000000022028,http://data.ordnancesurvey.co.uk/ontology/admingeo/County,Yorkshire and the Humber,http://data.ordnancesurvey.co.uk/id/7000000000041430,England,http://data.ordnancesurvey.co.uk/id/country/england,osgb5000005231366366,,
7966de8a-407a-4baa-b7b1-09d5a57b1323,http://data.ordnancesurvey.co.uk/id/7966de8a-407a-4baa-b7b1-09d5a57b1323,High Hill Lane,,,,transportNetwork,Section Of Named Road,382349,463315,1000,25000,382313,463307,382412,463336,BD24,http://data.ordnancesurvey.co.uk/id/postcodedistrict/BD24,Settle,http://data.ordnancesurvey.co.uk/id/4000000074565008,http://www.ordnancesurvey.co.uk/xml/codelists/localtype.xml#town,Craven,http://data.ordnancesurvey.co.uk/id/7000000000021698,http://data.ordnancesurvey.co.uk/ontology/admingeo/District,North Yorkshire,http://data.ordnancesurvey.co.uk/id/7000000000022028,http://data.ordnancesurvey.co.uk/ontology/admingeo/County,Yorkshire and the Humber,http://data.ordnancesurvey.co.uk/id/7000000000041430,England,http://data.ordnancesurvey.co.uk/id/country/england,osgb4000000009411234,,
osgb4000000009449917,http://data.ordnancesurvey.co.uk/id/4000000009449917,Conistone Lane,,,,transportNetwork,Named Road,397289,471682,7000,20000,397011,471121,397552,472259,BD23,http://data.ordnancesurvey.co.uk/id/postcodedistrict/BD23,,,,Craven,http://data.ordnancesurvey.co.uk/id/7000000000021698,http://data.ordnancesurvey.co.uk/ontology/admingeo/District,North Yorkshire,http://data.ordnancesurvey.co.uk/id/7000000000022028,http://data.ordnancesurvey.co.uk/ontology/admingeo/County,Yorkshire and the Humber,http://data.ordnancesurvey.co.uk/id/7000000000041430,England,http://data.ordnancesurvey.co.uk/id/country/england,,,
osgb4000000009434260,http://data.ordnancesurvey.co.uk/id/4000000009434260,Cammock Lane,,,,transportNetwork,Named Road,381561,463245,2000,20000,381543,463105,381672,463359,BD24,http://data.ordnancesurvey.co.uk/id/postcodedistrict/BD24,Settle,http://data.ordnancesurvey.co.uk/id/4000000074565008,http://www.ordnancesurvey.co.uk/xml/codelists/localtype.xml#town,Craven,http://data.ordnancesurvey.co.uk/id/7000000000021698,http://data.ordnancesurvey.co.uk/ontology/admingeo/District,North Yorkshire,http://data.ordnancesurvey.co.uk/id/7000000000022028,http://data.ordnancesurvey.co.uk/ontology/admingeo/County,Yorkshire and the Humber,http://data.ordnancesurvey.co.uk/id/7000000000041430,England,http://data.ordnancesurvey.co.uk/id/country/england,,,
osgb4000000009449755,http://data.ordnancesurvey.co.uk/id/4000000009449755,New Street,,,,transportNetwork,Named Road,382141,465045,1000,20000,382077,465032,382206,465056,BD24,http://data.ordnancesurvey.co.uk/id/postcodedistrict/BD24,Langcliffe,http://data.ordnancesurvey.co.uk/id/4000000074565009,http://www.ordnancesurvey.co.uk/xml/codelists/localtype.xml#village,Craven,http://data.ordnancesurvey.co.uk/id/7000000000021698,http://data.ordnancesurvey.co.uk/ontology/admingeo/District,North Yorkshire,http://data.ordnancesurvey.co.uk/id/7000000000022028,http://data.ordnancesurvey.co.uk/ontology/admingeo/County,Yorkshire and the Humber,http://data.ordnancesurvey.co.uk/id/7000000000041430,England,http://data.ordnancesurvey.co.uk/id/country/england,,,
osgb4000000009421181,http://data.ordnancesurvey.co.uk/id/4000000009421181,Seal Bank,,,,transportNetwork,Named Road,393568,478277,2000,20000,393375,478143,393759,478429,BD23,http://data.ordnancesurvey.co.uk/id/postcodedistrict/BD23,,,,Craven,http://data.ordnancesurvey.co.uk/id/7000000000021698,http://data.ordnancesurvey.co.uk/ontology/admingeo/District,North Yorkshire,http://data.ordnancesurvey.co.uk/id/7000000000022028,http://data.ordnancesurvey.co.uk/ontology/admingeo/County,Yorkshire and the Humber,http://data.ordnancesurvey.co.uk/id/7000000000041430,England,http://data.ordnancesurvey.co.uk/id/country/england,,,
osgb4000000009434409,http://data.ordnancesurvey.co.uk/id/4000000009434409,Monkholme Lane,,,,transportNetwork,Named Road,399035,463563,1000,20000,398985,463539,399132,463571,BD23,http://data.ordnancesurvey.co.uk/id/postcodedistrict/BD23,Threshfield,http://data.ordnancesurvey.co.uk/id/4000000074564035,http://www.ordnancesurvey.co.uk/xml/codelists/localtype.xml#village,Craven,http://data.ordnancesurvey.co.uk/id/7000000000021698,http://data.ordnancesurvey.co.uk/ontology/admingeo/District,North Yorkshire,http://data.ordnancesurvey.co.uk/id/7000000000022028,http://data.ordnancesurvey.co.uk/ontology/admingeo/County,Yorkshire and the Humber,http://data.ordnancesurvey.co.uk/id/7000000000041430,England,http://data.ordnancesurvey.co.uk/id/country/england,,,
osgb4000000009414961,http://data.ordnancesurvey.co.uk/id/4000000009414961,Park Lane,,,,transportNetwork,Named Road,394355,479460,3000,20000,394213,479204,394536,479728,BD23,http://data.ordnancesurvey.co.uk/id/postcodedistrict/BD23,,,,Craven,http://data.ordnancesurvey.co.uk/id/7000000000021698,http://data.ordnancesurvey.co.uk/ontology/admingeo/District,North Yorkshire,http://data.ordnancesurvey.co.uk/id/7000000000022028,http://data.ordnancesurvey.co.uk/ontology/admingeo/County,Yorkshire and the Humber,http://data.ordnancesurvey.co.uk/id/7000000000041430,England,http://data.ordnancesurvey.co.uk/id/country/england,,,
osgb5000005232450457,http://data.ordnancesurvey.co.uk/id/5000005232450457,Swinden Lane,,,,transportNetwork,Named Road,397296,460516,7000,20000,396993,459883,397407,460900,BD23,http://data.ordnancesurvey.co.uk/id/postcodedistrict/BD23,,,,Craven,http://data.ordnancesurvey.co.uk/id/7000000000021698,http://data.ordnancesurvey.co.uk/ontology/admingeo/District,North Yorkshire,http://data.ordnancesurvey.co.uk/id/7000000000022028,http://data.ordnancesurvey.co.uk/ontology/admingeo/County,Yorkshire and the Humber,http://data.ordnancesurvey.co.uk/id/7000000000041430,England,http://data.ordnancesurvey.co.uk/id/country/england,,,
osgb5000005232278881,http://data.ordnancesurvey.co.uk/id/5000005232278881,Cove Lane,,,,transportNetwork,Named Road,399870,464663,3000,20000,399676,464446,400071,464891,BD23,http://data.ordnancesurvey.co.uk/id/postcodedistrict/BD23,,,,Craven,http://data.ordnancesurvey.co.uk/id/7000000000021698,http://data.ordnancesurvey.co.uk/ontology/admingeo/District,North Yorkshire,http://data.ordnancesurvey.co.uk/id/7000000000022028,http://data.ordnancesurvey.co.uk/ontology/admingeo/County,Yorkshire and the Humber,http://data.ordnancesurvey.co.uk/id/7000000000041430,England,http://data.ordnancesurvey.co.uk/id/country/england,,,
osgb4000000009414893,http://data.ordnancesurvey.co.uk/id/4000000009414893,Mitchell Lane,,,,transportNetwork,Named Road,382857,462264,14000,20000,382335,461078,383039,463302,BD24,http://data.ordnancesurvey.co.uk/id/postcodedistrict/BD24,,,,Craven,http://data.ordnancesurvey.co.uk/id/7000000000021698,http://data.ordnancesurvey.co.uk/ontology/admingeo/District,North Yorkshire,http://data.ordnancesurvey.co.uk/id/7000000000022028,http://data.ordnancesurvey.co.uk/ontology/admingeo/County,Yorkshire and the Humber,http://data.ordnancesurvey.co.uk/id/7000000000041430,England,http://data.ordnancesurvey.co.uk/id/country/england,,,
osgb5000005231366229,http://data.ordnancesurvey.co.uk/id/5000005231366229,Foxup Road,,,,transportNetwork,Named Road,382856,474775,7000,20000,382291,474277,383151,475344,BD24,http://data.ordnancesurvey.co.uk/id/postcodedistrict/BD24,,,,Craven,http://data.ordnancesurvey.co.uk/id/7000000000021698,http://data.ordnancesurvey.co.uk/ontology/admingeo/District,North Yorkshire,http://data.ordnancesurvey.co.uk/id/7000000000022028,http://data.ordnancesurvey.co.uk/ontology/admingeo/County,Yorkshire and the Humber,http://data.ordnancesurvey.co.uk/id/7000000000041430,England,http://data.ordnancesurvey.co.uk/id/country/england,,,
osgb5000005224569436,http://data.ordnancesurvey.co.uk/id/5000005224569436,Hunters View,,,,transportNetwork,Named Road,380876,463281,1000,20000,380853,463263,380896,463293,BD24,http://data.ordnancesurvey.co.uk/id/postcodedistrict/BD24,Giggleswick,http://data.ordnancesurvey.co.uk/id/4000000074565013,http://www.ordnancesurvey.co.uk/xml/codelists/localtype.xml#village,Craven,http://data.ordnancesurvey.co.uk/id/7000000000021698,http://data.ordnancesurvey.co.uk/ontology/admingeo/District,North Yorkshire,http://data.ordnancesurvey.co.uk/id/7000000000022028,http://data.ordnancesurvey.co.uk/ontology/admingeo/County,Yorkshire and the Humber,http://data.ordnancesurvey.co.uk/id/7000000000041430,England,http://data.ordnancesurvey.co.uk/id/country/england,,,
b9cf8f86-088e-4acb-b9f2-13e45604666d,http://data.ordnancesurvey.co.uk/id/b9cf8f86-088e-4acb-b9f2-13e45604666d,Mastiles Lane,,,,transportNetwork,Section Of Named Road,397335,467830,2000,25000,397165,467669,397485,467843,BD23,http://data.ordnancesurvey.co.uk/id/postcodedistrict/BD23,Kilnsey,http://data.ordnancesurvey.co.uk/id/4000000074564689,http://www.ordnancesurvey.co.uk/xml/codelists/localtype.xml#hamlet,Craven,http://data.ordnancesurvey.co.uk/id/7000000000021698,http://data.ordnancesurvey.co.uk/ontology/admingeo/District,North Yorkshire,http://data.ordnancesurvey.co.uk/id/7000000000022028,http://data.ordnancesurvey.co.uk/ontology/admingeo/County,Yorkshire and the Humber,http://data.ordnancesurvey.co.uk/id/7000000000041430,England,http://data.ordnancesurvey.co.uk/id/country/england,osgb4000000009412362,,
c6e0eb8e-ac0c-4186-a309-6e5b5d50efe4,http://data.ordnancesurvey.co.uk/id/c6e0eb8e-ac0c-4186-a309-6e5b5d50efe4,Cam Gill Road,,,,transportNetwork,Section Of Named Road,397241,472501,1000,25000,397201,472388,397310,472584,BD23,http://data.ordnancesurvey.co.uk/id/postcodedistrict/BD23,Kettlewell,http://data.ordnancesurvey.co.uk/id/4000000074564692,http://www.ordnancesurvey.co.uk/xml/codelists/localtype.xml#village,Craven,http://data.ordnancesurvey.co.uk/id/7000000000021698,http://data.ordnancesurvey.co.uk/ontology/admingeo/District,North Yorkshire,http://data.ordnancesurvey.co.uk/id/7000000000022028,http://data.ordnancesurvey.co.uk/ontology/admingeo/County,Yorkshire and the Humber,http://data.ordnancesurvey.co.uk/id/7000000000041430,England,http://data.ordnancesurvey.co.uk/id/country/england,osgb4000000009412363,,
osgb4000000009414932,http://data.ordnancesurvey.co.uk/id/4000000009414932,Wharfeside Avenue,,,,transportNetwork,Named Road,399214,464157,3000,20000,399028,463883,399424,464350,BD23,http://data.ordnancesurvey.co.uk/id/postcodedistrict/BD23,Threshfield,http://data.ordnancesurvey.co.uk/id/4000000074564035,http://www.ordnancesurvey.co.uk/xml/codelists/localtype.xml#village,Craven,http://data.ordnancesurvey.co.uk/id/7000000000021698,http://data.ordnancesurvey.co.uk/ontology/admingeo/District,North Yorkshire,http://data.ordnancesurvey.co.uk/id/7000000000022028,http://data.ordnancesurvey.co.uk/ontology/admingeo/County,Yorkshire and the Humber,http://data.ordnancesurvey.co.uk/id/7000000000041430,England,http://data.ordnancesurvey.co.uk/id/country/england,,,
d4aaab2d-ed6a-4d58-b9a1-9d7a773b85f3,http://data.ordnancesurvey.co.uk/id/d4aaab2d-ed6a-4d58-b9a1-9d7a773b85f3,Station Road,,,,transportNetwork,Section Of Named Road,399310,463861,5000,25000,398951,463702,399700,463902,BD23,http://data.ordnancesurvey.co.uk/id/postcodedistrict/BD23,Threshfield,http://data.ordnancesurvey.co.uk/id/4000000074564035,http://www.ordnancesurvey.co.uk/xml/codelists/localtype.xml#village,Craven,http://data.ordnancesurvey.co.uk/id/7000000000021698,http://data.ordnancesurvey.co.uk/ontology/admingeo/District,North Yorkshire,http://data.ordnancesurvey.co.uk/id/7000000000022028,http://data.ordnancesurvey.co.uk/ontology/admingeo/County,Yorkshire and the Humber,http://data.ordnancesurvey.co.uk/id/7000000000041430,England,http://data.ordnancesurvey.co.uk/id/country/england,osgb4000000010928285,,
osgb5000005136877133,http://data.ordnancesurvey.co.uk/id/5000005136877133,Crag View,,,,transportNetwork,Named Road,397837,464785,1000,20000,397794,464699,397905,464843,BD23,http://data.ordnancesurvey.co.uk/id/postcodedistrict/BD23,Long Ashes,http://data.ordnancesurvey.co.uk/id/4000000074564364,http://www.ordnancesurvey.co.uk/xml/codelists/localtype.xml#village,Craven,http://data.ordnancesurvey.co.uk/id/7000000000021698,http://data.ordnancesurvey.co.uk/ontology/admingeo/District,North Yorkshire,http://data.ordnancesurvey.co.uk/id/7000000000022028,http://data.ordnancesurvey.co.uk/ontology/admingeo/County,Yorkshire and the Humber,http://data.ordnancesurvey.co.uk/id/7000000000041430,England,http://data.ordnancesurvey.co.uk/id/country/england,,,
0c132a5e-deb9-47a3-adc2-d8b25a3f42df,http://data.ordnancesurvey.co.uk/id/0c132a5e-deb9-47a3-adc2-d8b25a3f42df,Top Mere Road,,,,transportNetwork,Section Of Named Road,397199,472495,1000,25000,397197,472492,397202,472500,BD23,http://data.ordnancesurvey.co.uk/id/postcodedistrict/BD23,Kettlewell,http://data.ordnancesurvey.co.uk/id/4000000074564692,http://www.ordnancesurvey.co.uk/xml/codelists/localtype.xml#village,Craven,http://data.ordnancesurvey.co.uk/id/7000000000021698,http://data.ordnancesurvey.co.uk/ontology/admingeo/District,North Yorkshire,http://data.ordnancesurvey.co.uk/id/7000000000022028,http://data.ordnancesurvey.co.uk/ontology/admingeo/County,Yorkshire and the Humber,http://data.ordnancesurvey.co.uk/id/7000000000041430,England,http://data.ordnancesurvey.co.uk/id/country/england,osgb5000005231366933,,
osgb5000005232279914,http://data.ordnancesurvey.co.uk/id/5000005232279914,Glebe Lane,,,,transportNetwork,Named Road,390825,461529,1000,20000,390741,461511,390900,461537,BD23,http://data.ordnancesurvey.co.uk/id/postcodedistrict/BD23,,,,Craven,http://data.ordnancesurvey.co.uk/id/7000000000021698,http://data.ordnancesurvey.co.uk/ontology/admingeo/District,North Yorkshire,http://data.ordnancesurvey.co.uk/id/7000000000022028,http://data.ordnancesurvey.co.uk/ontology/admingeo/County,Yorkshire and the Humber,http://data.ordnancesurvey.co.uk/id/7000000000041430,England,http://data.ordnancesurvey.co.uk/id/country/england,,,
osgb4000000009412362,http://data.ordnancesurvey.co.uk/id/4000000009412362,Mastiles Lane,,,,transportNetwork,Named Road,394270,466110,20000,45000,390490,465423,397485,467843,BD23,http://data.ordnancesurvey.co.uk/id/postcodedistrict/BD23,,,,Craven,http://data.ordnancesurvey.co.uk/id/7000000000021698,http://data.ordnancesurvey.co.uk/ontology/admingeo/District,North Yorkshire,http://data.ordnancesurvey.co.uk/id/7000000000022028,http://data.ordnancesurvey.co.uk/ontology/admingeo/County,Yorkshire and the Humber,http://data.ordnancesurvey.co.uk/id/7000000000041430,England,http://data.ordnancesurvey.co.uk/id/country/england,,,
osgb4000000009449742,http://data.ordnancesurvey.co.uk/id/4000000009449742,Riversdale,,,,transportNetwork,Named Road,381295,463739,1000,20000,381238,463709,381313,463774,BD24,http://data.ordnancesurvey.co.uk/id/postcodedistrict/BD24,Giggleswick,http://data.ordnancesurvey.co.uk/id/4000000074565013,http://www.ordnancesurvey.co.uk/xml/codelists/localtype.xml#village,Craven,http://data.ordnancesurvey.co.uk/id/7000000000021698,http://data.ordnancesurvey.co.uk/ontology/admingeo/District,North Yorkshire,http://data.ordnancesurvey.co.uk/id/7000000000022028,http://data.ordnancesurvey.co.uk/ontology/admingeo/County,Yorkshire and the Humber,http://data.ordnancesurvey.co.uk/id/7000000000041430,England,http://data.ordnancesurvey.co.uk/id/country/england,,,
osgb4000000009421066,http://data.ordnancesurvey.co.uk/id/4000000009421066,Marshfield Road,,,,transportNetwork,Named Road,381764,463871,1000,20000,381650,463867,381855,463898,BD24,http://data.ordnancesurvey.co.uk/id/postcodedistrict/BD24,Settle,http://data.ordnancesurvey.co.uk/id/4000000074565008,http://www.ordnancesurvey.co.uk/xml/codelists/localtype.xml#town,Craven,http://data.ordnancesurvey.co.uk/id/7000000000021698,http://data.ordnancesurvey.co.uk/ontology/admingeo/District,North Yorkshire,http://data.ordnancesurvey.co.uk/id/7000000000022028,http://data.ordnancesurvey.co.uk/ontology/admingeo/County,Yorkshire and the Humber,http://data.ordnancesurvey.co.uk/id/7000000000041430,England,http://data.ordnancesurvey.co.uk/id/country/england,,,
osgb4000000009449890,http://data.ordnancesurvey.co.uk/id/4000000009449890,Rivendell,,,,transportNetwork,Named Road,397938,464744,1000,20000,397905,464733,397968,464744,BD23,http://data.ordnancesurvey.co.uk/id/postcodedistrict/BD23,Long Ashes,http://data.ordnancesurvey.co.uk/id/4000000074564364,http://www.ordnancesurvey.co.uk/xml/codelists/localtype.xml#village,Craven,http://data.ordnancesurvey.co.uk/id/7000000000021698,http://data.ordnancesurvey.co.uk/ontology/admingeo/District,North Yorkshire,http://data.ordnancesurvey.co.uk/id/7000000000022028,http://data.ordnancesurvey.co.uk/ontology/admingeo/County,Yorkshire and the Humber,http://data.ordnancesurvey.co.uk/id/7000000000041430,England,http://data.ordnancesurvey.co.uk/id/country/england,,,
osgb4000000009411259,http://data.ordnancesurvey.co.uk/id/4000000009411259,Stubbing Lane,,,,transportNetwork,Named Road,392933,478302,13000,20000,391858,478198,393829,478805,BD23,http://data.ordnancesurvey.co.uk/id/postcodedistrict/BD23,,,,Craven,http://data.ordnancesurvey.co.uk/id/7000000000021698,http://data.ordnancesurvey.co.uk/ontology/admingeo/District,North Yorkshire,http://data.ordnancesurvey.co.uk/id/7000000000022028,http://data.ordnancesurvey.co.uk/ontology/admingeo/County,Yorkshire and the Humber,http://data.ordnancesurvey.co.uk/id/7000000000041430,England,http://data.ordnancesurvey.co.uk/id/country/england,,,
osgb4000000009449891,http://data.ordnancesurvey.co.uk/id/4000000009449891,Bracken Field,,,,transportNetwork,Named Road,397847,464872,1000,20000,397792,464843,397909,464882,BD23,http://data.ordnancesurvey.co.uk/id/postcodedistrict/BD23,Long Ashes,http://data.ordnancesurvey.co.uk/id/4000000074564364,http://www.ordnancesurvey.co.uk/xml/codelists/localtype.xml#village,Craven,http://data.ordnancesurvey.co.uk/id/7000000000021698,http://data.ordnancesurvey.co.uk/ontology/admingeo/District,North Yorkshire,http://data.ordnancesurvey.co.uk/id/7000000000022028,http://data.ordnancesurvey.co.uk/ontology/admingeo/County,Yorkshire and the Humber,http://data.ordnancesurvey.co.uk/id/7000000000041430,England,http://data.ordnancesurvey.co.uk/id/country/england,,,
osgb4000000074738641,http://data.ordnancesurvey.co.uk/id/4000000074738641,Cracoe Green,,,,landcover,Other Landcover,398475,460192,8000,800000,397891,459837,399083,460547,BD23,http://data.ordnancesurvey.co.uk/id/postcodedistrict/BD23,,,,Craven,http://data.ordnancesurvey.co.uk/id/7000000000021698,http://data.ordnancesurvey.co.uk/ontology/admingeo/District,North Yorkshire,http://data.ordnancesurvey.co.uk/id/7000000000022028,http://data.ordnancesurvey.co.uk/ontology/admingeo/County,Yorkshire and the Humber,http://data.ordnancesurvey.co.uk/id/7000000000041430,England,http://data.ordnancesurvey.co.uk/id/country/england,,,
osgb4000000074739306,http://data.ordnancesurvey.co.uk/id/4000000074739306,Scosthrop High Moor,,,,landcover,Other Landcover,386670,462781,9000,800000,385973,462000,387366,463264,BD24,http://data.ordnancesurvey.co.uk/id/postcodedistrict/BD24,,,,Craven,http://data.ordnancesurvey.co.uk/id/7000000000021698,http://data.ordnancesurvey.co.uk/ontology/admingeo/District,North Yorkshire,http://data.ordnancesurvey.co.uk/id/7000000000022028,http://data.ordnancesurvey.co.uk/ontology/admingeo/County,Yorkshire and the Humber,http://data.ordnancesurvey.co.uk/id/7000000000041430,England,http://data.ordnancesurvey.co.uk/id/country/england,,,
osgb4000000074739311,http://data.ordnancesurvey.co.uk/id/4000000074739311,Stangill Fell,,,,landcover,Other Landcover,387226,469127,6000,1300000,386745,468765,387734,469489,BD24,http://data.ordnancesurvey.co.uk/id/postcodedistrict/BD24,,,,Craven,http://data.ordnancesurvey.co.uk/id/7000000000021698,http://data.ordnancesurvey.co.uk/ontology/admingeo/District,North Yorkshire,http://data.ordnancesurvey.co.uk/id/7000000000022028,http://data.ordnancesurvey.co.uk/ontology/admingeo/County,Yorkshire and the Humber,http://data.ordnancesurvey.co.uk/id/7000000000041430,England,http://data.ordnancesurvey.co.uk/id/country/england,,,
osgb4000000074771246,http://data.ordnancesurvey.co.uk/id/4000000074771246,Aire Head,,,,landform,Other Landform,390158,462174,1000,15000,389894,461924,390394,462424,BD23,http://data.ordnancesurvey.co.uk/id/postcodedistrict/BD23,,,,Craven,http://data.ordnancesurvey.co.uk/id/7000000000021698,http://data.ordnancesurvey.co.uk/ontology/admingeo/District,North Yorkshire,http://data.ordnancesurvey.co.uk/id/7000000000022028,http://data.ordnancesurvey.co.uk/ontology/admingeo/County,Yorkshire and the Humber,http://data.ordnancesurvey.co.uk/id/7000000000041430,England,http://data.ordnancesurvey.co.uk/id/country/england,,,
osgb4000000074693816,http://data.ordnancesurvey.co.uk/id/4000000074693816,Beck Ing Plantation,,,,landcover,Woodland Or Forest,381323,462476,1000,400000,381073,462214,381573,462714,BD24,http://data.ordnancesurvey.co.uk/id/postcodedistrict/BD24,,,,Craven,http://data.ordnancesurvey.co.uk/id/7000000000021698,http://data.ordnancesurvey.co.uk/ontology/admingeo/District,North Yorkshire,http://data.ordnancesurvey.co.uk/id/7000000000022028,http://data.ordnancesurvey.co.uk/ontology/admingeo/County,Yorkshire and the Humber,http://data.ordnancesurvey.co.uk/id/7000000000041430,England,http://data.ordnancesurvey.co.uk/id/country/england,,,
osgb4000000074812871,http://data.ordnancesurvey.co.uk/id/4000000074812871,New Close Allotments,,,,landcover,Other Landcover,399323,469520,4000,800000,399011,469231,399626,469808,BD23,http://data.ordnancesurvey.co.uk/id/postcodedistrict/BD23,,,,Craven,http://data.ordnancesurvey.co.uk/id/7000000000021698,http://data.ordnancesurvey.co.uk/ontology/admingeo/District,North Yorkshire,http://data.ordnancesurvey.co.uk/id/7000000000022028,http://data.ordnancesurvey.co.uk/ontology/admingeo/County,Yorkshire and the Humber,http://data.ordnancesurvey.co.uk/id/7000000000041430,England,http://data.ordnancesurvey.co.uk/id/country/england,,,
osgb4000000074740228,http://data.ordnancesurvey.co.uk/id/4000000074740228,Eller Carr,,,,landcover,Other Landcover,387016,477983,9000,1300000,386415,477498,387840,478468,BD23,http://data.ordnancesurvey.co.uk/id/postcodedistrict/BD23,,,,Craven,http://data.ordnancesurvey.co.uk/id/7000000000021698,http://data.ordnancesurvey.co.uk/ontology/admingeo/District,North Yorkshire,http://data.ordnancesurvey.co.uk/id/7000000000022028,http://data.ordnancesurvey.co.uk/ontology/admingeo/County,Yorkshire and the Humber,http://data.ordnancesurvey.co.uk/id/7000000000041430,England,http://data.ordnancesurvey.co.uk/id/country/england,,,
osgb4000000074692616,http://data.ordnancesurvey.co.uk/id/4000000074692616,Parks High Plantation,,,,landcover,Woodland Or Forest,382120,460873,1000,400000,381866,460623,382366,461123,BD23,http://data.ordnancesurvey.co.uk/id/postcodedistrict/BD23,,,,Craven,http://data.ordnancesurvey.co.uk/id/7000000000021698,http://data.ordnancesurvey.co.uk/ontology/admingeo/District,North Yorkshire,http://data.ordnancesurvey.co.uk/id/7000000000022028,http://data.ordnancesurvey.co.uk/ontology/admingeo/County,Yorkshire and the Humber,http://data.ordnancesurvey.co.uk/id/7000000000041430,England,http://data.ordnancesurvey.co.uk/id/country/england,,,
osgb4000000074696280,http://data.ordnancesurvey.co.uk/id/4000000074696280,Limekiln Spinney,,,,landcover,Woodland Or Forest,397000,460673,1000,400000,396750,460423,397250,460923,BD23,http://data.ordnancesurvey.co.uk/id/postcodedistrict/BD23,,,,Craven,http://data.ordnancesurvey.co.uk/id/7000000000021698,http://data.ordnancesurvey.co.uk/ontology/admingeo/District,North Yorkshire,http://data.ordnancesurvey.co.uk/id/7000000000022028,http://data.ordnancesurvey.co.uk/ontology/admingeo/County,Yorkshire and the Humber,http://data.ordnancesurvey.co.uk/id/7000000000041430,England,http://data.ordnancesurvey.co.uk/id/country/england,,,
osgb4000000074694647,http://data.ordnancesurvey.co.uk/id/4000000074694647,Ghyll Plantation,,,,landcover,Woodland Or Forest,381456,472534,1000,400000,381206,472284,381706,472784,BD24,http://data.ordnancesurvey.co.uk/id/postcodedistrict/BD24,,,,Craven,http://data.ordnancesurvey.co.uk/id/7000000000021698,http://data.ordnancesurvey.co.uk/ontology/admingeo/District,North Yorkshire,http://data.ordnancesurvey.co.uk/id/7000000000022028,http://data.ordnancesurvey.co.uk/ontology/admingeo/County,Yorkshire and the Humber,http://data.ordnancesurvey.co.uk/id/7000000000041430,England,http://data.ordnancesurvey.co.uk/id/country/england,,,
osgb4000000074771165,http://data.ordnancesurvey.co.uk/id/4000000074771165,Ely Hill,,,,landform,Hill Or Mountain,380988,478026,1000,300000,380738,477776,381238,478276,BD24,http://data.ordnancesurvey.co.uk/id/postcodedistrict/BD24,,,,Craven,http://data.ordnancesurvey.co.uk/id/7000000000021698,http://data.ordnancesurvey.co.uk/ontology/admingeo/District,North Yorkshire,http://data.ordnancesurvey.co.uk/id/7000000000022028,http://data.ordnancesurvey.co.uk/ontology/admingeo/County,Yorkshire and the Humber,http://data.ordnancesurvey.co.uk/id/7000000000041430,England,http://data.ordnancesurvey.co.uk/id/country/england,,,
osgb4000000074771556,http://data.ordnancesurvey.co.uk/id/4000000074771556,Crook o' Hindber Hill,,,,landform,Hill Or Mountain,383159,476022,1000,300000,382909,475772,383409,476272,BD24,http://data.ordnancesurvey.co.uk/id/postcodedistrict/BD24,,,,Craven,http://data.ordnancesurvey.co.uk/id/7000000000021698,http://data.ordnancesurvey.co.uk/ontology/admingeo/District,North Yorkshire,http://data.ordnancesurvey.co.uk/id/7000000000022028,http://data.ordnancesurvey.co.uk/ontology/admingeo/County,Yorkshire and the Humber,http://data.ordnancesurvey.co.uk/id/7000000000041430,England,http://data.ordnancesurvey.co.uk/id/country/england,,,
osgb4000000074697934,http://data.ordnancesurvey.co.uk/id/4000000074697934,Keighley Wood,,,,landcover,Woodland Or Forest,394788,460817,1000,400000,394538,460580,395038,461080,BD23,http://data.ordnancesurvey.co.uk/id/postcodedistrict/BD23,,,,Craven,http://data.ordnancesurvey.co.uk/id/7000000000021698,http://data.ordnancesurvey.co.uk/ontology/admingeo/District,North Yorkshire,http://data.ordnancesurvey.co.uk/id/7000000000022028,http://data.ordnancesurvey.co.uk/ontology/admingeo/County,Yorkshire and the Humber,http://data.ordnancesurvey.co.uk/id/7000000000041430,England,http://data.ordnancesurvey.co.uk/id/country/england,,,
osgb4000000074738705,http://data.ordnancesurvey.co.uk/id/4000000074738705,Studfold Low Pasture,,,,landcover,Other Landcover,381722,470104,5000,800000,381328,469835,382084,470373,BD24,http://data.ordnancesurvey.co.uk/id/postcodedistrict/BD24,,,,Craven,http://data.ordnancesurvey.co.uk/id/7000000000021698,http://data.ordnancesurvey.co.uk/ontology/admingeo/District,North Yorkshire,http://data.ordnancesurvey.co.uk/id/7000000000022028,http://data.ordnancesurvey.co.uk/ontology/admingeo/County,Yorkshire and the Humber,http://data.ordnancesurvey.co.uk/id/7000000000041430,England,http://data.ordnancesurvey.co.uk/id/country/england,,,
osgb4000000074691830,http://data.ordnancesurvey.co.uk/id/4000000074691830,Wedber Wood,,,,landcover,Woodland Or Forest,390977,463033,1000,400000,390727,462783,391227,463283,BD23,http://data.ordnancesurvey.co.uk/id/postcodedistrict/BD23,,,,Craven,http://data.ordnancesurvey.co.uk/id/7000000000021698,http://data.ordnancesurvey.co.uk/ontology/admingeo/District,North Yorkshire,http://data.ordnancesurvey.co.uk/id/7000000000022028,http://data.ordnancesurvey.co.uk/ontology/admingeo/County,Yorkshire and the Humber,http://data.ordnancesurvey.co.uk/id/7000000000041430,England,http://data.ordnancesurvey.co.uk/id/country/england,,,
osgb4000000074739237,http://data.ordnancesurvey.co.uk/id/4000000074739237,Middlesmoor Pasture,,,,landcover,Other Landcover,396173,471824,20000,1300000,394863,470000,397483,473150,BD23,http://data.ordnancesurvey.co.uk/id/postcodedistrict/BD23,,,,Craven,http://data.ordnancesurvey.co.uk/id/7000000000021698,http://data.ordnancesurvey.co.uk/ontology/admingeo/District,North Yorkshire,http://data.ordnancesurvey.co.uk/id/7000000000022028,http://data.ordnancesurvey.co.uk/ontology/admingeo/County,Yorkshire and the Humber,http://data.ordnancesurvey.co.uk/id/7000000000041430,England,http://data.ordnancesurvey.co.uk/id/country/england,,,
osgb4000000074694238,http://data.ordnancesurvey.co.uk/id/4000000074694238,Scabbate Gate Wood,,,,landcover,Woodland Or Forest,397693,473630,1000,400000,397444,473384,397944,473884,BD23,http://data.ordnancesurvey.co.uk/id/postcodedistrict/BD23,,,,Craven,http://data.ordnancesurvey.co.uk/id/7000000000021698,http://data.ordnancesurvey.co.uk/ontology/admingeo/District,North Yorkshire,http://data.ordnancesurvey.co.uk/id/7000000000022028,http://data.ordnancesurvey.co.uk/ontology/admingeo/County,Yorkshire and the Humber,http://data.ordnancesurvey.co.uk/id/7000000000041430,England,http://data.ordnancesurvey.co.uk/id/country/england,,,
osgb4000000074739450,http://data.ordnancesurvey.co.uk/id/4000000074739450,Buckden Wood Fields,,,,landcover,Other Landcover,393870,477830,5000,800000,393562,477399,394178,478199,BD23,http://data.ordnancesurvey.co.uk/id/postcodedistrict/BD23,,,,Craven,http://data.ordnancesurvey.co.uk/id/7000000000021698,http://data.ordnancesurvey.co.uk/ontology/admingeo/District,North Yorkshire,http://data.ordnancesurvey.co.uk/id/7000000000022028,http://data.ordnancesurvey.co.uk/ontology/admingeo/County,Yorkshire and the Humber,http://data.ordnancesurvey.co.uk/id/7000000000041430,England,http://data.ordnancesurvey.co.uk/id/country/england,,,
osgb4000000074791244,http://data.ordnancesurvey.co.uk/id/4000000074791244,Malham Tarn,,,,hydrography,Inland Water,389289,466687,7000,500000,388740,466178,389838,467193,BD24,http://data.ordnancesurvey.co.uk/id/postcodedistrict/BD24,,,,Craven,http://data.ordnancesurvey.co.uk/id/7000000000021698,http://data.ordnancesurvey.co.uk/ontology/admingeo/District,North Yorkshire,http://data.ordnancesurvey.co.uk/id/7000000000022028,http://data.ordnancesurvey.co.uk/ontology/admingeo/County,Yorkshire and the Humber,http://data.ordnancesurvey.co.uk/id/7000000000041430,England,http://data.ordnancesurvey.co.uk/id/country/england,,,
osgb4000000074739773,http://data.ordnancesurvey.co.uk/id/4000000074739773,Kirk Gill Moor,,,,landcover,Other Landcover,392274,476720,21000,1300000,390433,475102,393436,478337,BD23,http://data.ordnancesurvey.co.uk/id/postcodedistrict/BD23,,,,Craven,http://data.ordnancesurvey.co.uk/id/7000000000021698,http://data.ordnancesurvey.co.uk/ontology/admingeo/District,North Yorkshire,http://data.ordnancesurvey.co.uk/id/7000000000022028,http://data.ordnancesurvey.co.uk/ontology/admingeo/County,Yorkshire and the Humber,http://data.ordnancesurvey.co.uk/id/7000000000041430,England,http://data.ordnancesurvey.co.uk/id/country/england,,,
osgb4000000074740226,http://data.ordnancesurvey.co.uk/id/4000000074740226,Bergh Moss,,,,landcover,Other Landcover,386008,475849,5000,1300000,385611,475547,386364,476152,BD23,http://data.ordnancesurvey.co.uk/id/postcodedistrict/BD23,,,,Craven,http://data.ordnancesurvey.co.uk/id/7000000000021698,http://data.ordnancesurvey.co.uk/ontology/admingeo/District,North Yorkshire,http://data.ordnancesurvey.co.uk/id/7000000000022028,http://data.ordnancesurvey.co.uk/ontology/admingeo/County,Yorkshire and the Humber,http://data.ordnancesurvey.co.uk/id/7000000000041430,England,http://data.ordnancesurvey.co.uk/id/country/england,,,
osgb4000000074673068,http://data.ordnancesurvey.co.uk/id/4000000074673068,Water Gill Wood,,,,landcover,Woodland Or Forest,393517,476855,4000,400000,393268,476560,393768,477196,BD23,http://data.ordnancesurvey.co.uk/id/postcodedistrict/BD23,,,,Craven,http://data.ordnancesurvey.co.uk/id/7000000000021698,http://data.ordnancesurvey.co.uk/ontology/admingeo/District,North Yorkshire,http://data.ordnancesurvey.co.uk/id/7000000000022028,http://data.ordnancesurvey.co.uk/ontology/admingeo/County,Yorkshire and the Humber,http://data.ordnancesurvey.co.uk/id/7000000000041430,England,http://data.ordnancesurvey.co.uk/id/country/england,,,
osgb4000000074677049,http://data.ordnancesurvey.co.uk/id/4000000074677049,Brows Plantation,,,,landcover,Woodland Or Forest,399962,462392,2000,400000,399712,462054,400212,462554,BD23,http://data.ordnancesurvey.co.uk/id/postcodedistrict/BD23,,,,Craven,http://data.ordnancesurvey.co.uk/id/7000000000021698,http://data.ordnancesurvey.co.uk/ontology/admingeo/District,North Yorkshire,http://data.ordnancesurvey.co.uk/id/7000000000022028,http://data.ordnancesurvey.co.uk/ontology/admingeo/County,Yorkshire and the Humber,http://data.ordnancesurvey.co.uk/id/7000000000041430,England,http://data.ordnancesurvey.co.uk/id/country/england,,,
osgb4000000074724730,http://data.ordnancesurvey.co.uk/id/4000000074724730,Dew Bottoms,,,,landform,Valley,391394,469560,3000,800000,391144,469314,391644,469814,BD24,http://data.ordnancesurvey.co.uk/id/postcodedistrict/BD24,,,,Craven,http://data.ordnancesurvey.co.uk/id/7000000000021698,http://data.ordnancesurvey.co.uk/ontology/admingeo/District,North Yorkshire,http://data.ordnancesurvey.co.uk/id/7000000000022028,http://data.ordnancesurvey.co.uk/ontology/admingeo/County,Yorkshire and the Humber,http://data.ordnancesurvey.co.uk/id/7000000000041430,England,http://data.ordnancesurvey.co.uk/id/country/england,,,
osgb4000000074618606,http://data.ordnancesurvey.co.uk/id/4000000074618606,Parson's Pulpit,,,,landform,Hill Or Mountain,391839,468748,1000,300000,391589,468498,392089,468998,BD24,http://data.ordnancesurvey.co.uk/id/postcodedistrict/BD24,,,,Craven,http://data.ordnancesurvey.co.uk/id/7000000000021698,http://data.ordnancesurvey.co.uk/ontology/admingeo/District,North Yorkshire,http://data.ordnancesurvey.co.uk/id/7000000000022028,http://data.ordnancesurvey.co.uk/ontology/admingeo/County,Yorkshire and the Humber,http://data.ordnancesurvey.co.uk/id/7000000000041430,England,http://data.ordnancesurvey.co.uk/id/country/england,,,
osgb4000000074694629,http://data.ordnancesurvey.co.uk/id/4000000074694629,Green Wood,,,,landcover,Woodland Or Forest,380130,460547,1000,400000,379880,460282,380380,460782,BD24,http://data.ordnancesurvey.co.uk/id/postcodedistrict/BD24,,,,Craven,http://data.ordnancesurvey.co.uk/id/7000000000021698,http://data.ordnancesurvey.co.uk/ontology/admingeo/District,North Yorkshire,http://data.ordnancesurvey.co.uk/id/7000000000022028,http://data.ordnancesurvey.co.uk/ontology/admingeo/County,Yorkshire and the Humber,http://data.ordnancesurvey.co.uk/id/7000000000041430,England,http://data.ordnancesurvey.co.uk/id/country/england,,,
osgb4000000074724076,http://data.ordnancesurvey.co.uk/id/4000000074724076,Langstrothdale,,,,landform,Valley,389887,479276,54000,800000,384066,477954,392423,480598,BD23,http://data.ordnancesurvey.co.uk/id/postcodedistrict/BD23,,,,Craven,http://data.ordnancesurvey.co.uk/id/7000000000021698,http://data.ordnancesurvey.co.uk/ontology/admingeo/District,North Yorkshire,http://data.ordnancesurvey.co.uk/id/7000000000022028,http://data.ordnancesurvey.co.uk/ontology/admingeo/County,Yorkshire and the Humber,http://data.ordnancesurvey.co.uk/id/7000000000041430,England,http://data.ordnancesurvey.co.uk/id/country/england,,,
osgb4000000074693419,http://data.ordnancesurvey.co.uk/id/4000000074693419,Stubbing Wood,,,,landcover,Woodland Or Forest,381651,461368,1000,400000,381401,461119,381901,461619,BD24,http://data.ordnancesurvey.co.uk/id/postcodedistrict/BD24,,,,Craven,http://data.ordnancesurvey.co.uk/id/7000000000021698,http://data.ordnancesurvey.co.uk/ontology/admingeo/District,North Yorkshire,http://data.ordnancesurvey.co.uk/id/7000000000022028,http://data.ordnancesurvey.co.uk/ontology/admingeo/County,Yorkshire and the Humber,http://data.ordnancesurvey.co.uk/id/7000000000041430,England,http://data.ordnancesurvey.co.uk/id/country/england,,,
osgb4000000074693832,http://data.ordnancesurvey.co.uk/id/4000000074693832,Coster Bank Plantation,,,,landcover,Woodland Or Forest,394181,471760,1000,400000,393903,471511,394403,472011,BD23,http://data.ordnancesurvey.co.uk/id/postcodedistrict/BD23,,,,Craven,http://data.ordnancesurvey.co.uk/id/7000000000021698,http://data.ordnancesurvey.co.uk/ontology/admingeo/District,North Yorkshire,http://data.ordnancesurvey.co.uk/id/7000000000022028,http://data.ordnancesurvey.co.uk/ontology/admingeo/County,Yorkshire and the Humber,http://data.ordnancesurvey.co.uk/id/7000000000041430,England,http://data.ordnancesurvey.co.uk/id/country/england,,,
osgb4000000074812945,http://data.ordnancesurvey.co.uk/id/4000000074812945,West Scale Park,,,,landcover,Other Landcover,397459,474437,6000,800000,397029,473998,397750,474876,BD23,http://data.ordnancesurvey.co.uk/id/postcodedistrict/BD23,,,,Craven,http://data.ordnancesurvey.co.uk/id/7000000000021698,http://data.ordnancesurvey.co.uk/ontology/admingeo/District,North Yorkshire,http://data.ordnancesurvey.co.uk/id/7000000000022028,http://data.ordnancesurvey.co.uk/ontology/admingeo/County,Yorkshire and the Humber,http://data.ordnancesurvey.co.uk/id/7000000000041430,England,http://data.ordnancesurvey.co.uk/id/country/england,,,
osgb4000000074744384,http://data.ordnancesurvey.co.uk/id/4000000074744384,Old Cote Low Moor,,,,landcover,Other Landcover,392886,472811,7000,1300000,392385,472268,393389,473354,BD23,http://data.ordnancesurvey.co.uk/id/postcodedistrict/BD23,,,,Craven,http://data.ordnancesurvey.co.uk/id/7000000000021698,http://data.ordnancesurvey.co.uk/ontology/admingeo/District,North Yorkshire,http://data.ordnancesurvey.co.uk/id/7000000000022028,http://data.ordnancesurvey.co.uk/ontology/admingeo/County,Yorkshire and the Humber,http://data.ordnancesurvey.co.uk/id/7000000000041430,England,http://data.ordnancesurvey.co.uk/id/country/england,,,
osgb4000000074691792,http://data.ordnancesurvey.co.uk/id/4000000074691792,High Norcrofts Wood,,,,landcover,Woodland Or Forest,391006,460225,2000,400000,390756,459951,391256,460451,BD23,http://data.ordnancesurvey.co.uk/id/postcodedistrict/BD23,,,,Craven,http://data.ordnancesurvey.co.uk/id/7000000000021698,http://data.ordnancesurvey.co.uk/ontology/admingeo/District,North Yorkshire,http://data.ordnancesurvey.co.uk/id/7000000000022028,http://data.ordnancesurvey.co.uk/ontology/admingeo/County,Yorkshire and the Humber,http://data.ordnancesurvey.co.uk/id/7000000000041430,England,http://data.ordnancesurvey.co.uk/id/country/england,,,
osgb4000000074620960,http://data.ordnancesurvey.co.uk/id/4000000074620960,Horse Head,,,,landform,Hill Or Mountain,388716,477959,1000,300000,388466,477709,388966,478209,BD23,http://data.ordnancesurvey.co.uk/id/postcodedistrict/BD23,,,,Craven,http://data.ordnancesurvey.co.uk/id/7000000000021698,http://data.ordnancesurvey.co.uk/ontology/admingeo/District,North Yorkshire,http://data.ordnancesurvey.co.uk/id/7000000000022028,http://data.ordnancesurvey.co.uk/ontology/admingeo/County,Yorkshire and the Humber,http://data.ordnancesurvey.co.uk/id/7000000000041430,England,http://data.ordnancesurvey.co.uk/id/country/england,,,
osgb4000000074678263,http://data.ordnancesurvey.co.uk/id/4000000074678263,Knipe Wood,,,,landcover,Woodland Or Forest,397049,470689,7000,400000,396799,470350,397300,471392,BD23,http://data.ordnancesurvey.co.uk/id/postcodedistrict/BD23,,,,Craven,http://data.ordnancesurvey.co.uk/id/7000000000021698,http://data.ordnancesurvey.co.uk/ontology/admingeo/District,North Yorkshire,http://data.ordnancesurvey.co.uk/id/7000000000022028,http://data.ordnancesurvey.co.uk/ontology/admingeo/County,Yorkshire and the Humber,http://data.ordnancesurvey.co.uk/id/7000000000041430,England,http://data.ordnancesurvey.co.uk/id/country/england,,,
osgb4000000074739641,http://data.ordnancesurvey.co.uk/id/4000000074739641,Starbotton Cam Pasture,,,,landcover,Other Landcover,396009,475372,3000,800000,395787,475122,396287,475622,BD23,http://data.ordnancesurvey.co.uk/id/postcodedistrict/BD23,,,,Craven,http://data.ordnancesurvey.co.uk/id/7000000000021698,http://data.ordnancesurvey.co.uk/ontology/admingeo/District,North Yorkshire,http://data.ordnancesurvey.co.uk/id/7000000000022028,http://data.ordnancesurvey.co.uk/ontology/admingeo/County,Yorkshire and the Humber,http://data.ordnancesurvey.co.uk/id/7000000000041430,England,http://data.ordnancesurvey.co.uk/id/country/england,,,
osgb4000000074739178,http://data.ordnancesurvey.co.uk/id/4000000074739178,Hetton Common,,,,landcover,Other Landcover,394013,462096,14000,800000,392645,461245,394795,462946,BD23,http://data.ordnancesurvey.co.uk/id/postcodedistrict/BD23,,,,Craven,http://data.ordnancesurvey.co.uk/id/7000000000021698,http://data.ordnancesurvey.co.uk/ontology/admingeo/District,North Yorkshire,http://data.ordnancesurvey.co.uk/id/7000000000022028,http://data.ordnancesurvey.co.uk/ontology/admingeo/County,Yorkshire and the Humber,http://data.ordnancesurvey.co.uk/id/7000000000041430,England,http://data.ordnancesurvey.co.uk/id/country/england,,,
osgb4000000074596278,http://data.ordnancesurvey.co.uk/id/4000000074596278,Blaydike Moss,,,,landcover,Other Landcover,385070,476820,4000,1300000,384731,476471,385410,477150,BD23,http://data.ordnancesurvey.co.uk/id/postcodedistrict/BD23,,,,Craven,http://data.ordnancesurvey.co.uk/id/7000000000021698,http://data.ordnancesurvey.co.uk/ontology/admingeo/District,North Yorkshire,http://data.ordnancesurvey.co.uk/id/7000000000022028,http://data.ordnancesurvey.co.uk/ontology/admingeo/County,Yorkshire and the Humber,http://data.ordnancesurvey.co.uk/id/7000000000041430,England,http://data.ordnancesurvey.co.uk/id/country/england,,,
osgb4000000074693019,http://data.ordnancesurvey.co.uk/id/4000000074693019,Gill Plantation,,,,landcover,Woodland Or Forest,383461,462138,2000,400000,383212,461862,383712,462362,BD24,http://data.ordnancesurvey.co.uk/id/postcodedistrict/BD24,,,,Craven,http://data.ordnancesurvey.co.uk/id/7000000000021698,http://data.ordnancesurvey.co.uk/ontology/admingeo/District,North Yorkshire,http://data.ordnancesurvey.co.uk/id/7000000000022028,http://data.ordnancesurvey.co.uk/ontology/admingeo/County,Yorkshire and the Humber,http://data.ordnancesurvey.co.uk/id/7000000000041430,England,http://data.ordnancesurvey.co.uk/id/country/england,,,
osgb4000000074770938,http://data.ordnancesurvey.co.uk/id/4000000074770938,Hayber Hill,,,,landform,Hill Or Mountain,382348,471193,1000,300000,382098,470943,382598,471443,BD24,http://data.ordnancesurvey.co.uk/id/postcodedistrict/BD24,,,,Craven,http://data.ordnancesurvey.co.uk/id/7000000000021698,http://data.ordnancesurvey.co.uk/ontology/admingeo/District,North Yorkshire,http://data.ordnancesurvey.co.uk/id/7000000000022028,http://data.ordnancesurvey.co.uk/ontology/admingeo/County,Yorkshire and the Humber,http://data.ordnancesurvey.co.uk/id/7000000000041430,England,http://data.ordnancesurvey.co.uk/id/country/england,,,
osgb4000000074691835,http://data.ordnancesurvey.co.uk/id/4000000074691835,Cave Wood,,,,landcover,Woodland Or Forest,391970,473302,1000,400000,391728,473052,392228,473552,BD23,http://data.ordnancesurvey.co.uk/id/postcodedistrict/BD23,,,,Craven,http://data.ordnancesurvey.co.uk/id/7000000000021698,http://data.ordnancesurvey.co.uk/ontology/admingeo/District,North Yorkshire,http://data.ordnancesurvey.co.uk/id/7000000000022028,http://data.ordnancesurvey.co.uk/ontology/admingeo/County,Yorkshire and the Humber,http://data.ordnancesurvey.co.uk/id/7000000000041430,England,http://data.ordnancesurvey.co.uk/id/country/england,,,
osgb4000000074728538,http://data.ordnancesurvey.co.uk/id/4000000074728538,Abbot Hills,,,,landform,Hill Or Mountain Ranges,390276,465073,7000,3000000,389896,464542,390657,465586,BD23,http://data.ordnancesurvey.co.uk/id/postcodedistrict/BD23,,,,Craven,http://data.ordnancesurvey.co.uk/id/7000000000021698,http://data.ordnancesurvey.co.uk/ontology/admingeo/District,North Yorkshire,http://data.ordnancesurvey.co.uk/id/7000000000022028,http://data.ordnancesurvey.co.uk/ontology/admingeo/County,Yorkshire and the Humber,http://data.ordnancesurvey.co.uk/id/7000000000041430,England,http://data.ordnancesurvey.co.uk/id/country/england,,,
osgb4000000074739312,http://data.ordnancesurvey.co.uk/id/4000000074739312,Rainscar Pasture,,,,landcover,Other Landcover,384593,471366,8000,1300000,384274,470534,384912,471772,BD24,http://data.ordnancesurvey.co.uk/id/postcodedistrict/BD24,,,,Craven,http://data.ordnancesurvey.co.uk/id/7000000000021698,http://data.ordnancesurvey.co.uk/ontology/admingeo/District,North Yorkshire,http://data.ordnancesurvey.co.uk/id/7000000000022028,http://data.ordnancesurvey.co.uk/ontology/admingeo/County,Yorkshire and the Humber,http://data.ordnancesurvey.co.uk/id/7000000000041430,England,http://data.ordnancesurvey.co.uk/id/country/england,,,
osgb4000000074697108,http://data.ordnancesurvey.co.uk/id/4000000074697108,Cockson's Ratts Plantation,,,,landcover,Woodland Or Forest,396820,460711,1000,400000,396570,460462,397070,460962,BD23,http://data.ordnancesurvey.co.uk/id/postcodedistrict/BD23,,,,Craven,http://data.ordnancesurvey.co.uk/id/7000000000021698,http://data.ordnancesurvey.co.uk/ontology/admingeo/District,North Yorkshire,http://data.ordnancesurvey.co.uk/id/7000000000022028,http://data.ordnancesurvey.co.uk/ontology/admingeo/County,Yorkshire and the Humber,http://data.ordnancesurvey.co.uk/id/7000000000041430,England,http://data.ordnancesurvey.co.uk/id/country/england,,,
osgb4000000074618604,http://data.ordnancesurvey.co.uk/id/4000000074618604,Seaty Hill,,,,landform,Hill Or Mountain,390690,465382,1000,300000,390440,465132,390940,465632,BD23,http://data.ordnancesurvey.co.uk/id/postcodedistrict/BD23,,,,Craven,http://data.ordnancesurvey.co.uk/id/7000000000021698,http://data.ordnancesurvey.co.uk/ontology/admingeo/District,North Yorkshire,http://data.ordnancesurvey.co.uk/id/7000000000022028,http://data.ordnancesurvey.co.uk/ontology/admingeo/County,Yorkshire and the Humber,http://data.ordnancesurvey.co.uk/id/7000000000041430,England,http://data.ordnancesurvey.co.uk/id/country/england,,,
osgb4000000074727564,http://data.ordnancesurvey.co.uk/id/4000000074727564,Rain Slack,,,,landform,Valley,398531,472254,5000,800000,398088,472004,398852,472504,BD23,http://data.ordnancesurvey.co.uk/id/postcodedistrict/BD23,,,,Craven,http://data.ordnancesurvey.co.uk/id/7000000000021698,http://data.ordnancesurvey.co.uk/ontology/admingeo/District,North Yorkshire,http://data.ordnancesurvey.co.uk/id/7000000000022028,http://data.ordnancesurvey.co.uk/ontology/admingeo/County,Yorkshire and the Humber,http://data.ordnancesurvey.co.uk/id/7000000000041430,England,http://data.ordnancesurvey.co.uk/id/country/england,,,
osgb4000000074673462,http://data.ordnancesurvey.co.uk/id/4000000074673462,Raisgill Wood,,,,landcover,Woodland Or Forest,390670,478387,3000,400000,390423,478137,390923,478637,BD23,http://data.ordnancesurvey.co.uk/id/postcodedistrict/BD23,,,,Craven,http://data.ordnancesurvey.co.uk/id/7000000000021698,http://data.ordnancesurvey.co.uk/ontology/admingeo/District,North Yorkshire,http://data.ordnancesurvey.co.uk/id/7000000000022028,http://data.ordnancesurvey.co.uk/ontology/admingeo/County,Yorkshire and the Humber,http://data.ordnancesurvey.co.uk/id/7000000000041430,England,http://data.ordnancesurvey.co.uk/id/country/england,,,
osgb4000000074739234,http://data.ordnancesurvey.co.uk/id/4000000074739234,Lee Gate High Pasture,,,,landcover,Other Landcover,392718,466121,9000,1300000,392346,465455,393089,466775,BD23,http://data.ordnancesurvey.co.uk/id/postcodedistrict/BD23,,,,Craven,http://data.ordnancesurvey.co.uk/id/7000000000021698,http://data.ordnancesurvey.co.uk/ontology/admingeo/District,North Yorkshire,http://data.ordnancesurvey.co.uk/id/7000000000022028,http://data.ordnancesurvey.co.uk/ontology/admingeo/County,Yorkshire and the Humber,http://data.ordnancesurvey.co.uk/id/7000000000041430,England,http://data.ordnancesurvey.co.uk/id/country/england,,,
osgb4000000074677457,http://data.ordnancesurvey.co.uk/id/4000000074677457,Thornber Plantation,,,,landcover,Woodland Or Forest,381706,462215,1000,400000,381504,461965,382004,462465,BD24,http://data.ordnancesurvey.co.uk/id/postcodedistrict/BD24,,,,Craven,http://data.ordnancesurvey.co.uk/id/7000000000021698,http://data.ordnancesurvey.co.uk/ontology/admingeo/District,North Yorkshire,http://data.ordnancesurvey.co.uk/id/7000000000022028,http://data.ordnancesurvey.co.uk/ontology/admingeo/County,Yorkshire and the Humber,http://data.ordnancesurvey.co.uk/id/7000000000041430,England,http://data.ordnancesurvey.co.uk/id/country/england,,,
osgb4000000074694634,http://data.ordnancesurvey.co.uk/id/4000000074694634,Bracken Pot Wood,,,,landcover,Woodland Or Forest,394117,463461,2000,400000,393866,463211,394366,463711,BD23,http://data.ordnancesurvey.co.uk/id/postcodedistrict/BD23,,,,Craven,http://data.ordnancesurvey.co.uk/id/7000000000021698,http://data.ordnancesurvey.co.uk/ontology/admingeo/District,North Yorkshire,http://data.ordnancesurvey.co.uk/id/7000000000022028,http://data.ordnancesurvey.co.uk/ontology/admingeo/County,Yorkshire and the Humber,http://data.ordnancesurvey.co.uk/id/7000000000041430,England,http://data.ordnancesurvey.co.uk/id/country/england,,,
osgb4000000074739235,http://data.ordnancesurvey.co.uk/id/4000000074739235,Hawkswick Moor,,,,landcover,Other Landcover,395270,471463,16000,800000,394235,470290,396745,472636,BD23,http://data.ordnancesurvey.co.uk/id/postcodedistrict/BD23,,,,Craven,http://data.ordnancesurvey.co.uk/id/7000000000021698,http://data.ordnancesurvey.co.uk/ontology/admingeo/District,North Yorkshire,http://data.ordnancesurvey.co.uk/id/7000000000022028,http://data.ordnancesurvey.co.uk/ontology/admingeo/County,Yorkshire and the Humber,http://data.ordnancesurvey.co.uk/id/7000000000041430,England,http://data.ordnancesurvey.co.uk/id/country/england,,,
osgb4000000074744385,http://data.ordnancesurvey.co.uk/id/4000000074744385,Ackerley Moor,,,,landcover,Other Landcover,391892,473954,7000,1300000,391412,473462,392372,474495,BD23,http://data.ordnancesurvey.co.uk/id/postcodedistrict/BD23,,,,Craven,http://data.ordnancesurvey.co.uk/id/7000000000021698,http://data.ordnancesurvey.co.uk/ontology/admingeo/District,North Yorkshire,http://data.ordnancesurvey.co.uk/id/7000000000022028,http://data.ordnancesurvey.co.uk/ontology/admingeo/County,Yorkshire and the Humber,http://data.ordnancesurvey.co.uk/id/7000000000041430,England,http://data.ordnancesurvey.co.uk/id/country/england,,,
osgb4000000074677858,http://data.ordnancesurvey.co.uk/id/4000000074677858,Bastow Wood,,,,landcover,Woodland Or Forest,399252,465739,7000,400000,398848,465191,399657,466200,BD23,http://data.ordnancesurvey.co.uk/id/postcodedistrict/BD23,,,,Craven,http://data.ordnancesurvey.co.uk/id/7000000000021698,http://data.ordnancesurvey.co.uk/ontology/admingeo/District,North Yorkshire,http://data.ordnancesurvey.co.uk/id/7000000000022028,http://data.ordnancesurvey.co.uk/ontology/admingeo/County,Yorkshire and the Humber,http://data.ordnancesurvey.co.uk/id/7000000000041430,England,http://data.ordnancesurvey.co.uk/id/country/england,,,
osgb4000000074770874,http://data.ordnancesurvey.co.uk/id/4000000074770874,Cow Hill,,,,landform,Hill Or Mountain,384299,471920,1000,300000,384049,471670,384549,472170,BD24,http://data.ordnancesurvey.co.uk/id/postcodedistrict/BD24,,,,Craven,http://data.ordnancesurvey.co.uk/id/7000000000021698,http://data.ordnancesurvey.co.uk/ontology/admingeo/District,North Yorkshire,http://data.ordnancesurvey.co.uk/id/7000000000022028,http://data.ordnancesurvey.co.uk/ontology/admingeo/County,Yorkshire and the Humber,http://data.ordnancesurvey.co.uk/id/7000000000041430,England,http://data.ordnancesurvey.co.uk/id/country/england,,,
osgb4000000074697936,http://data.ordnancesurvey.co.uk/id/4000000074697936,Way Gill Plantation,,,,landcover,Woodland Or Forest,394112,460696,2000,400000,393830,460447,394330,460947,BD23,http://data.ordnancesurvey.co.uk/id/postcodedistrict/BD23,,,,Craven,http://data.ordnancesurvey.co.uk/id/7000000000021698,http://data.ordnancesurvey.co.uk/ontology/admingeo/District,North Yorkshire,http://data.ordnancesurvey.co.uk/id/7000000000022028,http://data.ordnancesurvey.co.uk/ontology/admingeo/County,Yorkshire and the Humber,http://data.ordnancesurvey.co.uk/id/7000000000041430,England,http://data.ordnancesurvey.co.uk/id/country/england,,,
osgb4000000074678265,http://data.ordnancesurvey.co.uk/id/4000000074678265,Scoska Wood,,,,landcover,Woodland Or Forest,391113,472845,6000,400000,390653,472405,391573,473389,BD23,http://data.ordnancesurvey.co.uk/id/postcodedistrict/BD23,,,,Craven,http://data.ordnancesurvey.co.uk/id/7000000000021698,http://data.ordnancesurvey.co.uk/ontology/admingeo/District,North Yorkshire,http://data.ordnancesurvey.co.uk/id/7000000000022028,http://data.ordnancesurvey.co.uk/ontology/admingeo/County,Yorkshire and the Humber,http://data.ordnancesurvey.co.uk/id/7000000000041430,England,http://data.ordnancesurvey.co.uk/id/country/england,,,
osgb4000000074743579,http://data.ordnancesurvey.co.uk/id/4000000074743579,Eller Carr Moss,,,,landcover,Other Landcover,386771,478599,9000,1300000,386222,478296,387597,478901,BD23,http://data.ordnancesurvey.co.uk/id/postcodedistrict/BD23,,,,Craven,http://data.ordnancesurvey.co.uk/id/7000000000021698,http://data.ordnancesurvey.co.uk/ontology/admingeo/District,North Yorkshire,http://data.ordnancesurvey.co.uk/id/7000000000022028,http://data.ordnancesurvey.co.uk/ontology/admingeo/County,Yorkshire and the Humber,http://data.ordnancesurvey.co.uk/id/7000000000041430,England,http://data.ordnancesurvey.co.uk/id/country/england,,,
osgb4000000074770869,http://data.ordnancesurvey.co.uk/id/4000000074770869,Diamond Hill,,,,landform,Hill Or Mountain,397878,475022,1000,300000,397628,474772,398128,475272,BD23,http://data.ordnancesurvey.co.uk/id/postcodedistrict/BD23,,,,Craven,http://data.ordnancesurvey.co.uk/id/7000000000021698,http://data.ordnancesurvey.co.uk/ontology/admingeo/District,North Yorkshire,http://data.ordnancesurvey.co.uk/id/7000000000022028,http://data.ordnancesurvey.co.uk/ontology/admingeo/County,Yorkshire and the Humber,http://data.ordnancesurvey.co.uk/id/7000000000041430,England,http://data.ordnancesurvey.co.uk/id/country/england,,,
osgb4000000074618993,http://data.ordnancesurvey.co.uk/id/4000000074618993,Grizedales,,,,landform,Hill Or Mountain,386828,464279,1000,300000,386578,464029,387078,464529,BD24,http://data.ordnancesurvey.co.uk/id/postcodedistrict/BD24,,,,Craven,http://data.ordnancesurvey.co.uk/id/7000000000021698,http://data.ordnancesurvey.co.uk/ontology/admingeo/District,North Yorkshire,http://data.ordnancesurvey.co.uk/id/7000000000022028,http://data.ordnancesurvey.co.uk/ontology/admingeo/County,Yorkshire and the Humber,http://data.ordnancesurvey.co.uk/id/7000000000041430,England,http://data.ordnancesurvey.co.uk/id/country/england,,,
osgb4000000074739895,http://data.ordnancesurvey.co.uk/id/4000000074739895,Green Field Meadow,,,,landcover,Woodland Or Forest,383454,479241,5000,400000,383125,478992,383873,479492,BD23,http://data.ordnancesurvey.co.uk/id/postcodedistrict/BD23,,,,Craven,http://data.ordnancesurvey.co.uk/id/7000000000021698,http://data.ordnancesurvey.co.uk/ontology/admingeo/District,North Yorkshire,http://data.ordnancesurvey.co.uk/id/7000000000022028,http://data.ordnancesurvey.co.uk/ontology/admingeo/County,Yorkshire and the Humber,http://data.ordnancesurvey.co.uk/id/7000000000041430,England,http://data.ordnancesurvey.co.uk/id/country/england,,,
osgb4000000074693423,http://data.ordnancesurvey.co.uk/id/4000000074693423,Anley Crag Plantation,,,,landcover,Woodland Or Forest,381327,461873,2000,400000,381078,461611,381578,462111,BD24,http://data.ordnancesurvey.co.uk/id/postcodedistrict/BD24,,,,Craven,http://data.ordnancesurvey.co.uk/id/7000000000021698,http://data.ordnancesurvey.co.uk/ontology/admingeo/District,North Yorkshire,http://data.ordnancesurvey.co.uk/id/7000000000022028,http://data.ordnancesurvey.co.uk/ontology/admingeo/County,Yorkshire and the Humber,http://data.ordnancesurvey.co.uk/id/7000000000041430,England,http://data.ordnancesurvey.co.uk/id/country/england,,,
osgb4000000074591183,http://data.ordnancesurvey.co.uk/id/4000000074591183,Brants Ghyll,,,,landform,Valley,380977,472747,3000,800000,380747,472498,381267,472998,BD24,http://data.ordnancesurvey.co.uk/id/postcodedistrict/BD24,,,,Craven,http://data.ordnancesurvey.co.uk/id/7000000000021698,http://data.ordnancesurvey.co.uk/ontology/admingeo/District,North Yorkshire,http://data.ordnancesurvey.co.uk/id/7000000000022028,http://data.ordnancesurvey.co.uk/ontology/admingeo/County,Yorkshire and the Humber,http://data.ordnancesurvey.co.uk/id/7000000000041430,England,http://data.ordnancesurvey.co.uk/id/country/england,,,
osgb4000000074694245,http://data.ordnancesurvey.co.uk/id/4000000074694245,Hardlands Plantation,,,,landcover,Woodland Or Forest,381565,471845,1000,400000,381311,471595,381811,472095,BD24,http://data.ordnancesurvey.co.uk/id/postcodedistrict/BD24,,,,Craven,http://data.ordnancesurvey.co.uk/id/7000000000021698,http://data.ordnancesurvey.co.uk/ontology/admingeo/District,North Yorkshire,http://data.ordnancesurvey.co.uk/id/7000000000022028,http://data.ordnancesurvey.co.uk/ontology/admingeo/County,Yorkshire and the Humber,http://data.ordnancesurvey.co.uk/id/7000000000041430,England,http://data.ordnancesurvey.co.uk/id/country/england,,,
osgb4000000074739053,http://data.ordnancesurvey.co.uk/id/4000000074739053,Hoobank Pasture,,,,landcover,Other Landcover,397837,473214,3000,800000,397587,472936,398087,473445,BD23,http://data.ordnancesurvey.co.uk/id/postcodedistrict/BD23,,,,Craven,http://data.ordnancesurvey.co.uk/id/7000000000021698,http://data.ordnancesurvey.co.uk/ontology/admingeo/District,North Yorkshire,http://data.ordnancesurvey.co.uk/id/7000000000022028,http://data.ordnancesurvey.co.uk/ontology/admingeo/County,Yorkshire and the Humber,http://data.ordnancesurvey.co.uk/id/7000000000041430,England,http://data.ordnancesurvey.co.uk/id/country/england,,,
osgb4000000074739010,http://data.ordnancesurvey.co.uk/id/4000000074739010,Malham Moor,,,,landcover,Other Landcover,395803,465183,14000,1300000,394702,464500,396925,465866,BD23,http://data.ordnancesurvey.co.uk/id/postcodedistrict/BD23,,,,Craven,http://data.ordnancesurvey.co.uk/id/7000000000021698,http://data.ordnancesurvey.co.uk/ontology/admingeo/District,North Yorkshire,http://data.ordnancesurvey.co.uk/id/7000000000022028,http://data.ordnancesurvey.co.uk/ontology/admingeo/County,Yorkshire and the Humber,http://data.ordnancesurvey.co.uk/id/7000000000041430,England,http://data.ordnancesurvey.co.uk/id/country/england,,,
81da51b0-48ca-4e2c-91b8-affb529235b1,http://data.ordnancesurvey.co.uk/id/81da51b0-48ca-4e2c-91b8-affb529235b1,Brootes Lane,,,,transportNetwork,Section Of Named Road,392945,471864,1000,25000,392881,471748,393017,471951,BD23,http://data.ordnancesurvey.co.uk/id/postcodedistrict/BD23,Arncliffe,http://data.ordnancesurvey.co.uk/id/4000000074564694,http://www.ordnancesurvey.co.uk/xml/codelists/localtype.xml#village,Craven,http://data.ordnancesurvey.co.uk/id/7000000000021698,http://data.ordnancesurvey.co.uk/ontology/admingeo/District,North Yorkshire,http://data.ordnancesurvey.co.uk/id/7000000000022028,http://data.ordnancesurvey.co.uk/ontology/admingeo/County,Yorkshire and the Humber,http://data.ordnancesurvey.co.uk/id/7000000000041430,England,http://data.ordnancesurvey.co.uk/id/country/england,osgb4000000009414959,,
osgb4000000010925492,http://data.ordnancesurvey.co.uk/id/4000000010925492,Grass Wood Lane,,,,transportNetwork,Named Road,399048,464868,13000,20000,398073,464114,400057,465747,BD23,http://data.ordnancesurvey.co.uk/id/postcodedistrict/BD23,,,,Craven,http://data.ordnancesurvey.co.uk/id/7000000000021698,http://data.ordnancesurvey.co.uk/ontology/admingeo/District,North Yorkshire,http://data.ordnancesurvey.co.uk/id/7000000000022028,http://data.ordnancesurvey.co.uk/ontology/admingeo/County,Yorkshire and the Humber,http://data.ordnancesurvey.co.uk/id/7000000000041430,England,http://data.ordnancesurvey.co.uk/id/country/england,,,
osgb4000000074727567,http://data.ordnancesurvey.co.uk/id/4000000074727567,Silverdale,,,,landform,Valley,384038,470309,11000,800000,383789,469513,384289,471164,BD24,http://data.ordnancesurvey.co.uk/id/postcodedistrict/BD24,,,,Craven,http://data.ordnancesurvey.co.uk/id/7000000000021698,http://data.ordnancesurvey.co.uk/ontology/admingeo/District,North Yorkshire,http://data.ordnancesurvey.co.uk/id/7000000000022028,http://data.ordnancesurvey.co.uk/ontology/admingeo/County,Yorkshire and the Humber,http://data.ordnancesurvey.co.uk/id/7000000000041430,England,http://data.ordnancesurvey.co.uk/id/country/england,,,
osgb4000000074619389,http://data.ordnancesurvey.co.uk/id/4000000074619389,Fountains Fell,,,,landform,Hill Or Mountain,386414,471576,1000,300000,386164,471326,386664,471826,BD24,http://data.ordnancesurvey.co.uk/id/postcodedistrict/BD24,,,,Craven,http://data.ordnancesurvey.co.uk/id/7000000000021698,http://data.ordnancesurvey.co.uk/ontology/admingeo/District,North Yorkshire,http://data.ordnancesurvey.co.uk/id/7000000000022028,http://data.ordnancesurvey.co.uk/ontology/admingeo/County,Yorkshire and the Humber,http://data.ordnancesurvey.co.uk/id/7000000000041430,England,http://data.ordnancesurvey.co.uk/id/country/england,,,
osgb4000000074618603,http://data.ordnancesurvey.co.uk/id/4000000074618603,Kealcup Hill,,,,landform,Hill Or Mountain,393671,465099,1000,300000,393421,464849,393921,465349,BD23,http://data.ordnancesurvey.co.uk/id/postcodedistrict/BD23,,,,Craven,http://data.ordnancesurvey.co.uk/id/7000000000021698,http://data.ordnancesurvey.co.uk/ontology/admingeo/District,North Yorkshire,http://data.ordnancesurvey.co.uk/id/7000000000022028,http://data.ordnancesurvey.co.uk/ontology/admingeo/County,Yorkshire and the Humber,http://data.ordnancesurvey.co.uk/id/7000000000041430,England,http://data.ordnancesurvey.co.uk/id/country/england,,,
osgb4000000074739643,http://data.ordnancesurvey.co.uk/id/4000000074739643,Knuckle Bone Pasture,,,,landcover,Other Landcover,395465,476142,9000,800000,394813,475534,396194,476749,BD23,http://data.ordnancesurvey.co.uk/id/postcodedistrict/BD23,,,,Craven,http://data.ordnancesurvey.co.uk/id/7000000000021698,http://data.ordnancesurvey.co.uk/ontology/admingeo/District,North Yorkshire,http://data.ordnancesurvey.co.uk/id/7000000000022028,http://data.ordnancesurvey.co.uk/ontology/admingeo/County,Yorkshire and the Humber,http://data.ordnancesurvey.co.uk/id/7000000000041430,England,http://data.ordnancesurvey.co.uk/id/country/england,,,
osgb4000000074696281,http://data.ordnancesurvey.co.uk/id/4000000074696281,Farlands Plantation,,,,landcover,Woodland Or Forest,398966,462427,1000,400000,398754,462178,399254,462678,BD23,http://data.ordnancesurvey.co.uk/id/postcodedistrict/BD23,,,,Craven,http://data.ordnancesurvey.co.uk/id/7000000000021698,http://data.ordnancesurvey.co.uk/ontology/admingeo/District,North Yorkshire,http://data.ordnancesurvey.co.uk/id/7000000000022028,http://data.ordnancesurvey.co.uk/ontology/admingeo/County,Yorkshire and the Humber,http://data.ordnancesurvey.co.uk/id/7000000000041430,England,http://data.ordnancesurvey.co.uk/id/country/england,,,
osgb4000000074740309,http://data.ordnancesurvey.co.uk/id/4000000074740309,High Birkwith Moor,,,,landcover,Other Landcover,381691,476940,4000,1300000,381383,476656,382000,477176,BD24,http://data.ordnancesurvey.co.uk/id/postcodedistrict/BD24,,,,Craven,http://data.ordnancesurvey.co.uk/id/7000000000021698,http://data.ordnancesurvey.co.uk/ontology/admingeo/District,North Yorkshire,http://data.ordnancesurvey.co.uk/id/7000000000022028,http://data.ordnancesurvey.co.uk/ontology/admingeo/County,Yorkshire and the Humber,http://data.ordnancesurvey.co.uk/id/7000000000041430,England,http://data.ordnancesurvey.co.uk/id/country/england,,,
osgb4000000074770876,http://data.ordnancesurvey.co.uk/id/4000000074770876,Round Hill,,,,landform,Hill Or Mountain,397478,464310,1000,300000,397228,464060,397728,464560,BD23,http://data.ordnancesurvey.co.uk/id/postcodedistrict/BD23,,,,Craven,http://data.ordnancesurvey.co.uk/id/7000000000021698,http://data.ordnancesurvey.co.uk/ontology/admingeo/District,North Yorkshire,http://data.ordnancesurvey.co.uk/id/7000000000022028,http://data.ordnancesurvey.co.uk/ontology/admingeo/County,Yorkshire and the Humber,http://data.ordnancesurvey.co.uk/id/7000000000041430,England,http://data.ordnancesurvey.co.uk/id/country/england,,,
osgb4000000074739305,http://data.ordnancesurvey.co.uk/id/4000000074739305,Litton Fell,,,,landcover,Other Landcover,389704,472925,7000,800000,389263,472427,390144,473472,BD23,http://data.ordnancesurvey.co.uk/id/postcodedistrict/BD23,,,,Craven,http://data.ordnancesurvey.co.uk/id/7000000000021698,http://data.ordnancesurvey.co.uk/ontology/admingeo/District,North Yorkshire,http://data.ordnancesurvey.co.uk/id/7000000000022028,http://data.ordnancesurvey.co.uk/ontology/admingeo/County,Yorkshire and the Humber,http://data.ordnancesurvey.co.uk/id/7000000000041430,England,http://data.ordnancesurvey.co.uk/id/country/england,,,
osgb4000000074739231,http://data.ordnancesurvey.co.uk/id/4000000074739231,Proctor High Pasture,,,,landcover,Other Landcover,393297,466310,11000,1300000,392893,465613,393700,467335,BD23,http://data.ordnancesurvey.co.uk/id/postcodedistrict/BD23,,,,Craven,http://data.ordnancesurvey.co.uk/id/7000000000021698,http://data.ordnancesurvey.co.uk/ontology/admingeo/District,North Yorkshire,http://data.ordnancesurvey.co.uk/id/7000000000022028,http://data.ordnancesurvey.co.uk/ontology/admingeo/County,Yorkshire and the Humber,http://data.ordnancesurvey.co.uk/id/7000000000041430,England,http://data.ordnancesurvey.co.uk/id/country/england,,,
osgb4000000074739972,http://data.ordnancesurvey.co.uk/id/4000000074739972,Scale Pasture,,,,landcover,Other Landcover,380407,475775,4000,800000,380158,475396,380658,476049,BD24,http://data.ordnancesurvey.co.uk/id/postcodedistrict/BD24,,,,Craven,http://data.ordnancesurvey.co.uk/id/7000000000021698,http://data.ordnancesurvey.co.uk/ontology/admingeo/District,North Yorkshire,http://data.ordnancesurvey.co.uk/id/7000000000022028,http://data.ordnancesurvey.co.uk/ontology/admingeo/County,Yorkshire and the Humber,http://data.ordnancesurvey.co.uk/id/7000000000041430,England,http://data.ordnancesurvey.co.uk/id/country/england,,,
osgb4000000074695047,http://data.ordnancesurvey.co.uk/id/4000000074695047,Lord's Wood,,,,landcover,Woodland Or Forest,394510,474885,2000,400000,394260,474671,394760,475171,BD23,http://data.ordnancesurvey.co.uk/id/postcodedistrict/BD23,,,,Craven,http://data.ordnancesurvey.co.uk/id/7000000000021698,http://data.ordnancesurvey.co.uk/ontology/admingeo/District,North Yorkshire,http://data.ordnancesurvey.co.uk/id/7000000000022028,http://data.ordnancesurvey.co.uk/ontology/admingeo/County,Yorkshire and the Humber,http://data.ordnancesurvey.co.uk/id/7000000000041430,England,http://data.ordnancesurvey.co.uk/id/country/england,,,
osgb4000000009449888,http://data.ordnancesurvey.co.uk/id/4000000009449888,High Bank,,,,transportNetwork,Named Road,399563,463918,1000,20000,399507,463873,399631,463979,BD23,http://data.ordnancesurvey.co.uk/id/postcodedistrict/BD23,Threshfield,http://data.ordnancesurvey.co.uk/id/4000000074564035,http://www.ordnancesurvey.co.uk/xml/codelists/localtype.xml#village,Craven,http://data.ordnancesurvey.co.uk/id/7000000000021698,http://data.ordnancesurvey.co.uk/ontology/admingeo/District,North Yorkshire,http://data.ordnancesurvey.co.uk/id/7000000000022028,http://data.ordnancesurvey.co.uk/ontology/admingeo/County,Yorkshire and the Humber,http://data.ordnancesurvey.co.uk/id/7000000000041430,England,http://data.ordnancesurvey.co.uk/id/country/england,,,
osgb4000000009600731,http://data.ordnancesurvey.co.uk/id/4000000009600731,B6479,,,,transportNetwork,Numbered Road,380477,472623,99000,250000,376524,464050,382289,479270,BD24,http://data.ordnancesurvey.co.uk/id/postcodedistrict/BD24,Horton in Ribblesdale,http://data.ordnancesurvey.co.uk/id/4000000074565640,http://www.ordnancesurvey.co.uk/xml/codelists/localtype.xml#village,Craven,http://data.ordnancesurvey.co.uk/id/7000000000021698,http://data.ordnancesurvey.co.uk/ontology/admingeo/District,North Yorkshire,http://data.ordnancesurvey.co.uk/id/7000000000022028,http://data.ordnancesurvey.co.uk/ontology/admingeo/County,Yorkshire and the Humber,http://data.ordnancesurvey.co.uk/id/7000000000041430,England,http://data.ordnancesurvey.co.uk/id/country/england,,,
osgb4000000009449740,http://data.ordnancesurvey.co.uk/id/4000000009449740,Falcon Close,,,,transportNetwork,Named Road,381795,463177,1000,20000,381795,463177,381864,463180,BD24,http://data.ordnancesurvey.co.uk/id/postcodedistrict/BD24,Settle,http://data.ordnancesurvey.co.uk/id/4000000074565008,http://www.ordnancesurvey.co.uk/xml/codelists/localtype.xml#town,Craven,http://data.ordnancesurvey.co.uk/id/7000000000021698,http://data.ordnancesurvey.co.uk/ontology/admingeo/District,North Yorkshire,http://data.ordnancesurvey.co.uk/id/7000000000022028,http://data.ordnancesurvey.co.uk/ontology/admingeo/County,Yorkshire and the Humber,http://data.ordnancesurvey.co.uk/id/7000000000041430,England,http://data.ordnancesurvey.co.uk/id/country/england,,,
osgb4000000009459124,http://data.ordnancesurvey.co.uk/id/4000000009459124,Main Street,,,,transportNetwork,Named Road,382185,467262,1000,20000,382157,467259,382200,467270,BD24,http://data.ordnancesurvey.co.uk/id/postcodedistrict/BD24,Stainforth,http://data.ordnancesurvey.co.uk/id/4000000074565011,http://www.ordnancesurvey.co.uk/xml/codelists/localtype.xml#village,Craven,http://data.ordnancesurvey.co.uk/id/7000000000021698,http://data.ordnancesurvey.co.uk/ontology/admingeo/District,North Yorkshire,http://data.ordnancesurvey.co.uk/id/7000000000022028,http://data.ordnancesurvey.co.uk/ontology/admingeo/County,Yorkshire and the Humber,http://data.ordnancesurvey.co.uk/id/7000000000041430,England,http://data.ordnancesurvey.co.uk/id/country/england,,,
osgb4000000074696279,http://data.ordnancesurvey.co.uk/id/4000000074696279,Century Plantation,,,,landcover,Woodland Or Forest,396917,460334,1000,400000,396667,460115,397167,460615,BD23,http://data.ordnancesurvey.co.uk/id/postcodedistrict/BD23,,,,Craven,http://data.ordnancesurvey.co.uk/id/7000000000021698,http://data.ordnancesurvey.co.uk/ontology/admingeo/District,North Yorkshire,http://data.ordnancesurvey.co.uk/id/7000000000022028,http://data.ordnancesurvey.co.uk/ontology/admingeo/County,Yorkshire and the Humber,http://data.ordnancesurvey.co.uk/id/7000000000041430,England,http://data.ordnancesurvey.co.uk/id/country/england,,,
osgb4000000074697111,http://data.ordnancesurvey.co.uk/id/4000000074697111,Jubilee Plantation,,,,landcover,Woodland Or Forest,396812,460310,1000,400000,396562,460061,397062,460561,BD23,http://data.ordnancesurvey.co.uk/id/postcodedistrict/BD23,,,,Craven,http://data.ordnancesurvey.co.uk/id/7000000000021698,http://data.ordnancesurvey.co.uk/ontology/admingeo/District,North Yorkshire,http://data.ordnancesurvey.co.uk/id/7000000000022028,http://data.ordnancesurvey.co.uk/ontology/admingeo/County,Yorkshire and the Humber,http://data.ordnancesurvey.co.uk/id/7000000000041430,England,http://data.ordnancesurvey.co.uk/id/country/england,,,
osgb4000000074738810,http://data.ordnancesurvey.co.uk/id/4000000074738810,Kilnsey Moor,,,,landcover,Other Landcover,395804,467344,23000,1300000,394142,465596,397465,469184,BD23,http://data.ordnancesurvey.co.uk/id/postcodedistrict/BD23,,,,Craven,http://data.ordnancesurvey.co.uk/id/7000000000021698,http://data.ordnancesurvey.co.uk/ontology/admingeo/District,North Yorkshire,http://data.ordnancesurvey.co.uk/id/7000000000022028,http://data.ordnancesurvey.co.uk/ontology/admingeo/County,Yorkshire and the Humber,http://data.ordnancesurvey.co.uk/id/7000000000041430,England,http://data.ordnancesurvey.co.uk/id/country/england,,,
osgb4000000074727368,http://data.ordnancesurvey.co.uk/id/4000000074727368,Grey Gill,,,,landform,Valley,390844,463819,2000,800000,390594,463597,391094,464097,BD23,http://data.ordnancesurvey.co.uk/id/postcodedistrict/BD23,,,,Craven,http://data.ordnancesurvey.co.uk/id/7000000000021698,http://data.ordnancesurvey.co.uk/ontology/admingeo/District,North Yorkshire,http://data.ordnancesurvey.co.uk/id/7000000000022028,http://data.ordnancesurvey.co.uk/ontology/admingeo/County,Yorkshire and the Humber,http://data.ordnancesurvey.co.uk/id/7000000000041430,England,http://data.ordnancesurvey.co.uk/id/country/england,,,
osgb4000000074593423,http://data.ordnancesurvey.co.uk/id/4000000074593423,Middle Moor,,,,landcover,Other Landcover,391014,474713,10000,1300000,390108,474023,391691,475403,BD23,http://data.ordnancesurvey.co.uk/id/postcodedistrict/BD23,,,,Craven,http://data.ordnancesurvey.co.uk/id/7000000000021698,http://data.ordnancesurvey.co.uk/ontology/admingeo/District,North Yorkshire,http://data.ordnancesurvey.co.uk/id/7000000000022028,http://data.ordnancesurvey.co.uk/ontology/admingeo/County,Yorkshire and the Humber,http://data.ordnancesurvey.co.uk/id/7000000000041430,England,http://data.ordnancesurvey.co.uk/id/country/england,,,
osgb4000000074743484,http://data.ordnancesurvey.co.uk/id/4000000074743484,Little Wood,,,,landcover,Other Landcover,396895,467163,2000,800000,396645,466908,397145,467408,BD23,http://data.ordnancesurvey.co.uk/id/postcodedistrict/BD23,,,,Craven,http://data.ordnancesurvey.co.uk/id/7000000000021698,http://data.ordnancesurvey.co.uk/ontology/admingeo/District,North Yorkshire,http://data.ordnancesurvey.co.uk/id/7000000000022028,http://data.ordnancesurvey.co.uk/ontology/admingeo/County,Yorkshire and the Humber,http://data.ordnancesurvey.co.uk/id/7000000000041430,England,http://data.ordnancesurvey.co.uk/id/country/england,,,
osgb4000000074771590,http://data.ordnancesurvey.co.uk/id/4000000074771590,Outgang Hill,,,,landform,Hill Or Mountain,397257,466860,1000,300000,397007,466610,397507,467110,BD23,http://data.ordnancesurvey.co.uk/id/postcodedistrict/BD23,,,,Craven,http://data.ordnancesurvey.co.uk/id/7000000000021698,http://data.ordnancesurvey.co.uk/ontology/admingeo/District,North Yorkshire,http://data.ordnancesurvey.co.uk/id/7000000000022028,http://data.ordnancesurvey.co.uk/ontology/admingeo/County,Yorkshire and the Humber,http://data.ordnancesurvey.co.uk/id/7000000000041430,England,http://data.ordnancesurvey.co.uk/id/country/england,,,
osgb4000000074691769,http://data.ordnancesurvey.co.uk/id/4000000074691769,Cowpasture Plantation,,,,landcover,Woodland Or Forest,396419,460995,1000,400000,396173,460745,396673,461245,BD23,http://data.ordnancesurvey.co.uk/id/postcodedistrict/BD23,,,,Craven,http://data.ordnancesurvey.co.uk/id/7000000000021698,http://data.ordnancesurvey.co.uk/ontology/admingeo/District,North Yorkshire,http://data.ordnancesurvey.co.uk/id/7000000000022028,http://data.ordnancesurvey.co.uk/ontology/admingeo/County,Yorkshire and the Humber,http://data.ordnancesurvey.co.uk/id/7000000000041430,England,http://data.ordnancesurvey.co.uk/id/country/england,,,
osgb4000000074694651,http://data.ordnancesurvey.co.uk/id/4000000074694651,Nether Close Plantation,,,,landcover,Woodland Or Forest,381464,472106,1000,400000,381227,471856,381727,472356,BD24,http://data.ordnancesurvey.co.uk/id/postcodedistrict/BD24,,,,Craven,http://data.ordnancesurvey.co.uk/id/7000000000021698,http://data.ordnancesurvey.co.uk/ontology/admingeo/District,North Yorkshire,http://data.ordnancesurvey.co.uk/id/7000000000022028,http://data.ordnancesurvey.co.uk/ontology/admingeo/County,Yorkshire and the Humber,http://data.ordnancesurvey.co.uk/id/7000000000041430,England,http://data.ordnancesurvey.co.uk/id/country/england,,,
osgb4000000074771514,http://data.ordnancesurvey.co.uk/id/4000000074771514,Limekiln Hill,,,,landform,Hill Or Mountain,387140,467080,1000,300000,386890,466830,387390,467330,BD24,http://data.ordnancesurvey.co.uk/id/postcodedistrict/BD24,,,,Craven,http://data.ordnancesurvey.co.uk/id/7000000000021698,http://data.ordnancesurvey.co.uk/ontology/admingeo/District,North Yorkshire,http://data.ordnancesurvey.co.uk/id/7000000000022028,http://data.ordnancesurvey.co.uk/ontology/admingeo/County,Yorkshire and the Humber,http://data.ordnancesurvey.co.uk/id/7000000000041430,England,http://data.ordnancesurvey.co.uk/id/country/england,,,
osgb4000000074693021,http://data.ordnancesurvey.co.uk/id/4000000074693021,Hunter Bark Plantation,,,,landcover,Woodland Or Forest,382760,461441,1000,400000,382510,461214,383010,461714,BD24,http://data.ordnancesurvey.co.uk/id/postcodedistrict/BD24,,,,Craven,http://data.ordnancesurvey.co.uk/id/7000000000021698,http://data.ordnancesurvey.co.uk/ontology/admingeo/District,North Yorkshire,http://data.ordnancesurvey.co.uk/id/7000000000022028,http://data.ordnancesurvey.co.uk/ontology/admingeo/County,Yorkshire and the Humber,http://data.ordnancesurvey.co.uk/id/7000000000041430,England,http://data.ordnancesurvey.co.uk/id/country/england,,,
osgb4000000074771676,http://data.ordnancesurvey.co.uk/id/4000000074771676,Great Close Hill,,,,landform,Hill Or Mountain,390238,466812,1000,300000,389988,466562,390488,467062,BD24,http://data.ordnancesurvey.co.uk/id/postcodedistrict/BD24,,,,Craven,http://data.ordnancesurvey.co.uk/id/7000000000021698,http://data.ordnancesurvey.co.uk/ontology/admingeo/District,North Yorkshire,http://data.ordnancesurvey.co.uk/id/7000000000022028,http://data.ordnancesurvey.co.uk/ontology/admingeo/County,Yorkshire and the Humber,http://data.ordnancesurvey.co.uk/id/7000000000041430,England,http://data.ordnancesurvey.co.uk/id/country/england,,,
osgb4000000074695450,http://data.ordnancesurvey.co.uk/id/4000000074695450,New Field Wood,,,,landcover,Woodland Or Forest,393529,471291,1000,400000,393279,471046,393779,471546,BD23,http://data.ordnancesurvey.co.uk/id/postcodedistrict/BD23,,,,Craven,http://data.ordnancesurvey.co.uk/id/7000000000021698,http://data.ordnancesurvey.co.uk/ontology/admingeo/District,North Yorkshire,http://data.ordnancesurvey.co.uk/id/7000000000022028,http://data.ordnancesurvey.co.uk/ontology/admingeo/County,Yorkshire and the Humber,http://data.ordnancesurvey.co.uk/id/7000000000041430,England,http://data.ordnancesurvey.co.uk/id/country/england,,,
osgb4000000074738813,http://data.ordnancesurvey.co.uk/id/4000000074738813,High Kilnsey Moor,,,,landcover,Other Landcover,394708,467731,5000,1300000,394291,467389,395000,468073,BD23,http://data.ordnancesurvey.co.uk/id/postcodedistrict/BD23,,,,Craven,http://data.ordnancesurvey.co.uk/id/7000000000021698,http://data.ordnancesurvey.co.uk/ontology/admingeo/District,North Yorkshire,http://data.ordnancesurvey.co.uk/id/7000000000022028,http://data.ordnancesurvey.co.uk/ontology/admingeo/County,Yorkshire and the Humber,http://data.ordnancesurvey.co.uk/id/7000000000041430,England,http://data.ordnancesurvey.co.uk/id/country/england,,,
osgb4000000074693837,http://data.ordnancesurvey.co.uk/id/4000000074693837,Batty Wood,,,,landcover,Woodland Or Forest,381270,468545,1000,400000,381021,468320,381521,468820,BD24,http://data.ordnancesurvey.co.uk/id/postcodedistrict/BD24,,,,Craven,http://data.ordnancesurvey.co.uk/id/7000000000021698,http://data.ordnancesurvey.co.uk/ontology/admingeo/District,North Yorkshire,http://data.ordnancesurvey.co.uk/id/7000000000022028,http://data.ordnancesurvey.co.uk/ontology/admingeo/County,Yorkshire and the Humber,http://data.ordnancesurvey.co.uk/id/7000000000041430,England,http://data.ordnancesurvey.co.uk/id/country/england,,,
osgb4000000074672682,http://data.ordnancesurvey.co.uk/id/4000000074672682,Birks Wood,,,,landcover,Woodland Or Forest,393867,476158,10000,400000,393532,475474,394203,477082,BD23,http://data.ordnancesurvey.co.uk/id/postcodedistrict/BD23,,,,Craven,http://data.ordnancesurvey.co.uk/id/7000000000021698,http://data.ordnancesurvey.co.uk/ontology/admingeo/District,North Yorkshire,http://data.ordnancesurvey.co.uk/id/7000000000022028,http://data.ordnancesurvey.co.uk/ontology/admingeo/County,Yorkshire and the Humber,http://data.ordnancesurvey.co.uk/id/7000000000041430,England,http://data.ordnancesurvey.co.uk/id/country/england,,,
osgb4000000074795115,http://data.ordnancesurvey.co.uk/id/4000000074795115,Mill Scar Lash,,,,hydrography,Waterfall,397967,466374,1000,15000,397718,466125,398218,466625,BD23,http://data.ordnancesurvey.co.uk/id/postcodedistrict/BD23,,,,Craven,http://data.ordnancesurvey.co.uk/id/7000000000021698,http://data.ordnancesurvey.co.uk/ontology/admingeo/District,North Yorkshire,http://data.ordnancesurvey.co.uk/id/7000000000022028,http://data.ordnancesurvey.co.uk/ontology/admingeo/County,Yorkshire and the Humber,http://data.ordnancesurvey.co.uk/id/7000000000041430,England,http://data.ordnancesurvey.co.uk/id/country/england,,,
osgb4000000074771673,http://data.ordnancesurvey.co.uk/id/4000000074771673,West Fold Hill,,,,landform,Hill Or Mountain,382615,474780,1000,300000,382365,474530,382865,475030,BD24,http://data.ordnancesurvey.co.uk/id/postcodedistrict/BD24,,,,Craven,http://data.ordnancesurvey.co.uk/id/7000000000021698,http://data.ordnancesurvey.co.uk/ontology/admingeo/District,North Yorkshire,http://data.ordnancesurvey.co.uk/id/7000000000022028,http://data.ordnancesurvey.co.uk/ontology/admingeo/County,Yorkshire and the Humber,http://data.ordnancesurvey.co.uk/id/7000000000041430,England,http://data.ordnancesurvey.co.uk/id/country/england,,,
osgb4000000074692215,http://data.ordnancesurvey.co.uk/id/4000000074692215,Langber Plantation,,,,landcover,Woodland Or Forest,384758,460572,2000,400000,384508,460318,385008,460818,BD23,http://data.ordnancesurvey.co.uk/id/postcodedistrict/BD23,,,,Craven,http://data.ordnancesurvey.co.uk/id/7000000000021698,http://data.ordnancesurvey.co.uk/ontology/admingeo/District,North Yorkshire,http://data.ordnancesurvey.co.uk/id/7000000000022028,http://data.ordnancesurvey.co.uk/ontology/admingeo/County,Yorkshire and the Humber,http://data.ordnancesurvey.co.uk/id/7000000000041430,England,http://data.ordnancesurvey.co.uk/id/country/england,,,
osgb4000000074771677,http://data.ordnancesurvey.co.uk/id/4000000074771677,Dolmire Hill,,,,landform,Hill Or Mountain,396725,462712,1000,300000,396475,462462,396975,462962,BD23,http://data.ordnancesurvey.co.uk/id/postcodedistrict/BD23,,,,Craven,http://data.ordnancesurvey.co.uk/id/7000000000021698,http://data.ordnancesurvey.co.uk/ontology/admingeo/District,North Yorkshire,http://data.ordnancesurvey.co.uk/id/7000000000022028,http://data.ordnancesurvey.co.uk/ontology/admingeo/County,Yorkshire and the Humber,http://data.ordnancesurvey.co.uk/id/7000000000041430,England,http://data.ordnancesurvey.co.uk/id/country/england,,,
osgb4000000074596494,http://data.ordnancesurvey.co.uk/id/4000000074596494,Long Ashes,,,,landcover,Woodland Or Forest,397770,464467,2000,400000,397520,464344,398020,464844,BD23,http://data.ordnancesurvey.co.uk/id/postcodedistrict/BD23,,,,Craven,http://data.ordnancesurvey.co.uk/id/7000000000021698,http://data.ordnancesurvey.co.uk/ontology/admingeo/District,North Yorkshire,http://data.ordnancesurvey.co.uk/id/7000000000022028,http://data.ordnancesurvey.co.uk/ontology/admingeo/County,Yorkshire and the Humber,http://data.ordnancesurvey.co.uk/id/7000000000041430,England,http://data.ordnancesurvey.co.uk/id/country/england,,,
osgb4000000074696692,http://data.ordnancesurvey.co.uk/id/4000000074696692,Swinden Plantation,,,,landcover,Woodland Or Forest,398394,462211,1000,400000,398127,461962,398627,462462,BD23,http://data.ordnancesurvey.co.uk/id/postcodedistrict/BD23,,,,Craven,http://data.ordnancesurvey.co.uk/id/7000000000021698,http://data.ordnancesurvey.co.uk/ontology/admingeo/District,North Yorkshire,http://data.ordnancesurvey.co.uk/id/7000000000022028,http://data.ordnancesurvey.co.uk/ontology/admingeo/County,Yorkshire and the Humber,http://data.ordnancesurvey.co.uk/id/7000000000041430,England,http://data.ordnancesurvey.co.uk/id/country/england,,,
osgb4000000074739233,http://data.ordnancesurvey.co.uk/id/4000000074739233,Dean Moor,,,,landcover,Other Landcover,388977,465564,5000,800000,388527,465267,389336,465860,BD24,http://data.ordnancesurvey.co.uk/id/postcodedistrict/BD24,,,,Craven,http://data.ordnancesurvey.co.uk/id/7000000000021698,http://data.ordnancesurvey.co.uk/ontology/admingeo/District,North Yorkshire,http://data.ordnancesurvey.co.uk/id/7000000000022028,http://data.ordnancesurvey.co.uk/ontology/admingeo/County,Yorkshire and the Humber,http://data.ordnancesurvey.co.uk/id/7000000000041430,England,http://data.ordnancesurvey.co.uk/id/country/england,,,
osgb4000000074771504,http://data.ordnancesurvey.co.uk/id/4000000074771504,Green Hackeber Hill,,,,landform,Hill Or Mountain,382137,475821,1000,300000,381887,475571,382387,476071,BD24,http://data.ordnancesurvey.co.uk/id/postcodedistrict/BD24,,,,Craven,http://data.ordnancesurvey.co.uk/id/7000000000021698,http://data.ordnancesurvey.co.uk/ontology/admingeo/District,North Yorkshire,http://data.ordnancesurvey.co.uk/id/7000000000022028,http://data.ordnancesurvey.co.uk/ontology/admingeo/County,Yorkshire and the Humber,http://data.ordnancesurvey.co.uk/id/7000000000041430,England,http://data.ordnancesurvey.co.uk/id/country/england,,,
osgb4000000074738817,http://data.ordnancesurvey.co.uk/id/4000000074738817,Chapel Fell,,,,landcover,Other Landcover,388116,467963,8000,1300000,387679,467317,388553,468575,BD24,http://data.ordnancesurvey.co.uk/id/postcodedistrict/BD24,,,,Craven,http://data.ordnancesurvey.co.uk/id/7000000000021698,http://data.ordnancesurvey.co.uk/ontology/admingeo/District,North Yorkshire,http://data.ordnancesurvey.co.uk/id/7000000000022028,http://data.ordnancesurvey.co.uk/ontology/admingeo/County,Yorkshire and the Humber,http://data.ordnancesurvey.co.uk/id/7000000000041430,England,http://data.ordnancesurvey.co.uk/id/country/england,,,
osgb4000000074770875,http://data.ordnancesurvey.co.uk/id/4000000074770875,Scab Hill,,,,landform,Hill Or Mountain,390933,467910,1000,300000,390683,467660,391183,468160,BD24,http://data.ordnancesurvey.co.uk/id/postcodedistrict/BD24,,,,Craven,http://data.ordnancesurvey.co.uk/id/7000000000021698,http://data.ordnancesurvey.co.uk/ontology/admingeo/District,North Yorkshire,http://data.ordnancesurvey.co.uk/id/7000000000022028,http://data.ordnancesurvey.co.uk/ontology/admingeo/County,Yorkshire and the Humber,http://data.ordnancesurvey.co.uk/id/7000000000041430,England,http://data.ordnancesurvey.co.uk/id/country/england,,,
osgb4000000074739194,http://data.ordnancesurvey.co.uk/id/4000000074739194,Tattersal Pasture,,,,landcover,Other Landcover,394109,466799,11000,1300000,393800,466000,394417,467678,BD23,http://data.ordnancesurvey.co.uk/id/postcodedistrict/BD23,,,,Craven,http://data.ordnancesurvey.co.uk/id/7000000000021698,http://data.ordnancesurvey.co.uk/ontology/admingeo/District,North Yorkshire,http://data.ordnancesurvey.co.uk/id/7000000000022028,http://data.ordnancesurvey.co.uk/ontology/admingeo/County,Yorkshire and the Humber,http://data.ordnancesurvey.co.uk/id/7000000000041430,England,http://data.ordnancesurvey.co.uk/id/country/england,,,
osgb4000000074694635,http://data.ordnancesurvey.co.uk/id/4000000074694635,Cow Close Wood,,,,landcover,Woodland Or Forest,396490,464343,3000,400000,396328,464093,396828,464593,BD23,http://data.ordnancesurvey.co.uk/id/postcodedistrict/BD23,,,,Craven,http://data.ordnancesurvey.co.uk/id/7000000000021698,http://data.ordnancesurvey.co.uk/ontology/admingeo/District,North Yorkshire,http://data.ordnancesurvey.co.uk/id/7000000000022028,http://data.ordnancesurvey.co.uk/ontology/admingeo/County,Yorkshire and the Humber,http://data.ordnancesurvey.co.uk/id/7000000000041430,England,http://data.ordnancesurvey.co.uk/id/country/england,,,
osgb4000000074739973,http://data.ordnancesurvey.co.uk/id/4000000074739973,Middle Pasture,,,,landcover,Other Landcover,380735,475838,3000,800000,380478,475588,380978,476088,BD24,http://data.ordnancesurvey.co.uk/id/postcodedistrict/BD24,,,,Craven,http://data.ordnancesurvey.co.uk/id/7000000000021698,http://data.ordnancesurvey.co.uk/ontology/admingeo/District,North Yorkshire,http://data.ordnancesurvey.co.uk/id/7000000000022028,http://data.ordnancesurvey.co.uk/ontology/admingeo/County,Yorkshire and the Humber,http://data.ordnancesurvey.co.uk/id/7000000000041430,England,http://data.ordnancesurvey.co.uk/id/country/england,,,
osgb4000000074771626,http://data.ordnancesurvey.co.uk/id/4000000074771626,Parrock Hill,,,,landform,Hill Or Mountain,386598,476665,1000,300000,386348,476415,386848,476915,BD23,http://data.ordnancesurvey.co.uk/id/postcodedistrict/BD23,,,,Craven,http://data.ordnancesurvey.co.uk/id/7000000000021698,http://data.ordnancesurvey.co.uk/ontology/admingeo/District,North Yorkshire,http://data.ordnancesurvey.co.uk/id/7000000000022028,http://data.ordnancesurvey.co.uk/ontology/admingeo/County,Yorkshire and the Humber,http://data.ordnancesurvey.co.uk/id/7000000000041430,England,http://data.ordnancesurvey.co.uk/id/country/england,,,
osgb4000000074694641,http://data.ordnancesurvey.co.uk/id/4000000074694641,Calfhalls Wood,,,,landcover,Woodland Or Forest,395757,474477,2000,400000,395507,474240,396007,474740,BD23,http://data.ordnancesurvey.co.uk/id/postcodedistrict/BD23,,,,Craven,http://data.ordnancesurvey.co.uk/id/7000000000021698,http://data.ordnancesurvey.co.uk/ontology/admingeo/District,North Yorkshire,http://data.ordnancesurvey.co.uk/id/7000000000022028,http://data.ordnancesurvey.co.uk/ontology/admingeo/County,Yorkshire and the Humber,http://data.ordnancesurvey.co.uk/id/7000000000041430,England,http://data.ordnancesurvey.co.uk/id/country/england,,,
osgb4000000074618218,http://data.ordnancesurvey.co.uk/id/4000000074618218,Green Haw Hill,,,,landform,Hill Or Mountain,396600,466277,1000,300000,396350,466027,396850,466527,BD23,http://data.ordnancesurvey.co.uk/id/postcodedistrict/BD23,,,,Craven,http://data.ordnancesurvey.co.uk/id/7000000000021698,http://data.ordnancesurvey.co.uk/ontology/admingeo/District,North Yorkshire,http://data.ordnancesurvey.co.uk/id/7000000000022028,http://data.ordnancesurvey.co.uk/ontology/admingeo/County,Yorkshire and the Humber,http://data.ordnancesurvey.co.uk/id/7000000000041430,England,http://data.ordnancesurvey.co.uk/id/country/england,,,
osgb4000000074693018,http://data.ordnancesurvey.co.uk/id/4000000074693018,Blacks Plantation,,,,landcover,Woodland Or Forest,383176,462147,5000,400000,382825,461796,383582,462498,BD24,http://data.ordnancesurvey.co.uk/id/postcodedistrict/BD24,,,,Craven,http://data.ordnancesurvey.co.uk/id/7000000000021698,http://data.ordnancesurvey.co.uk/ontology/admingeo/District,North Yorkshire,http://data.ordnancesurvey.co.uk/id/7000000000022028,http://data.ordnancesurvey.co.uk/ontology/admingeo/County,Yorkshire and the Humber,http://data.ordnancesurvey.co.uk/id/7000000000041430,England,http://data.ordnancesurvey.co.uk/id/country/england,,,
osgb4000000074739644,http://data.ordnancesurvey.co.uk/id/4000000074739644,Moor End Fell,,,,landcover,Other Landcover,394385,473999,16000,1300000,393343,472567,395427,475084,BD23,http://data.ordnancesurvey.co.uk/id/postcodedistrict/BD23,,,,Craven,http://data.ordnancesurvey.co.uk/id/7000000000021698,http://data.ordnancesurvey.co.uk/ontology/admingeo/District,North Yorkshire,http://data.ordnancesurvey.co.uk/id/7000000000022028,http://data.ordnancesurvey.co.uk/ontology/admingeo/County,Yorkshire and the Humber,http://data.ordnancesurvey.co.uk/id/7000000000041430,England,http://data.ordnancesurvey.co.uk/id/country/england,,,
osgb4000000074739451,http://data.ordnancesurvey.co.uk/id/4000000074739451,Little Fell,,,,landcover,Other Landcover,388285,478462,7000,1300000,387693,478096,388826,478828,BD23,http://data.ordnancesurvey.co.uk/id/postcodedistrict/BD23,,,,Craven,http://data.ordnancesurvey.co.uk/id/7000000000021698,http://data.ordnancesurvey.co.uk/ontology/admingeo/District,North Yorkshire,http://data.ordnancesurvey.co.uk/id/7000000000022028,http://data.ordnancesurvey.co.uk/ontology/admingeo/County,Yorkshire and the Humber,http://data.ordnancesurvey.co.uk/id/7000000000041430,England,http://data.ordnancesurvey.co.uk/id/country/england,,,
osgb4000000074738814,http://data.ordnancesurvey.co.uk/id/4000000074738814,Out Pasture,,,,landcover,Other Landcover,390610,468669,6000,1300000,390122,468308,391000,469030,BD24,http://data.ordnancesurvey.co.uk/id/postcodedistrict/BD24,,,,Craven,http://data.ordnancesurvey.co.uk/id/7000000000021698,http://data.ordnancesurvey.co.uk/ontology/admingeo/District,North Yorkshire,http://data.ordnancesurvey.co.uk/id/7000000000022028,http://data.ordnancesurvey.co.uk/ontology/admingeo/County,Yorkshire and the Humber,http://data.ordnancesurvey.co.uk/id/7000000000041430,England,http://data.ordnancesurvey.co.uk/id/country/england,,,
osgb4000000074697935,http://data.ordnancesurvey.co.uk/id/4000000074697935,Calf Hole Plantation,,,,landcover,Woodland Or Forest,394359,460389,1000,400000,394109,460162,394609,460662,BD23,http://data.ordnancesurvey.co.uk/id/postcodedistrict/BD23,,,,Craven,http://data.ordnancesurvey.co.uk/id/7000000000021698,http://data.ordnancesurvey.co.uk/ontology/admingeo/District,North Yorkshire,http://data.ordnancesurvey.co.uk/id/7000000000022028,http://data.ordnancesurvey.co.uk/ontology/admingeo/County,Yorkshire and the Humber,http://data.ordnancesurvey.co.uk/id/7000000000041430,England,http://data.ordnancesurvey.co.uk/id/country/england,,,
osgb4000000074739197,http://data.ordnancesurvey.co.uk/id/4000000074739197,Ewe Moor,,,,landcover,Other Landcover,388825,464243,5000,800000,388460,463976,389161,464509,BD23,http://data.ordnancesurvey.co.uk/id/postcodedistrict/BD23,,,,Craven,http://data.ordnancesurvey.co.uk/id/7000000000021698,http://data.ordnancesurvey.co.uk/ontology/admingeo/District,North Yorkshire,http://data.ordnancesurvey.co.uk/id/7000000000022028,http://data.ordnancesurvey.co.uk/ontology/admingeo/County,Yorkshire and the Humber,http://data.ordnancesurvey.co.uk/id/7000000000041430,England,http://data.ordnancesurvey.co.uk/id/country/england,,,
osgb4000000074739243,http://data.ordnancesurvey.co.uk/id/4000000074739243,Little Fell,,,,landcover,Other Landcover,387870,470051,7000,1300000,387353,469665,388391,470436,BD24,http://data.ordnancesurvey.co.uk/id/postcodedistrict/BD24,,,,Craven,http://data.ordnancesurvey.co.uk/id/7000000000021698,http://data.ordnancesurvey.co.uk/ontology/admingeo/District,North Yorkshire,http://data.ordnancesurvey.co.uk/id/7000000000022028,http://data.ordnancesurvey.co.uk/ontology/admingeo/County,Yorkshire and the Humber,http://data.ordnancesurvey.co.uk/id/7000000000041430,England,http://data.ordnancesurvey.co.uk/id/country/england,,,
osgb4000000074618991,http://data.ordnancesurvey.co.uk/id/4000000074618991,Kirkby Fell,,,,landform,Hill Or Mountain,387383,463528,1000,300000,387133,463278,387633,463778,BD24,http://data.ordnancesurvey.co.uk/id/postcodedistrict/BD24,,,,Craven,http://data.ordnancesurvey.co.uk/id/7000000000021698,http://data.ordnancesurvey.co.uk/ontology/admingeo/District,North Yorkshire,http://data.ordnancesurvey.co.uk/id/7000000000022028,http://data.ordnancesurvey.co.uk/ontology/admingeo/County,Yorkshire and the Humber,http://data.ordnancesurvey.co.uk/id/7000000000041430,England,http://data.ordnancesurvey.co.uk/id/country/england,,,
osgb4000000074764611,http://data.ordnancesurvey.co.uk/id/4000000074764611,High Lineseed Head,,,,landform,Other Landform,392779,468354,4000,15000,392487,468165,393070,468665,BD24,http://data.ordnancesurvey.co.uk/id/postcodedistrict/BD24,,,,Craven,http://data.ordnancesurvey.co.uk/id/7000000000021698,http://data.ordnancesurvey.co.uk/ontology/admingeo/District,North Yorkshire,http://data.ordnancesurvey.co.uk/id/7000000000022028,http://data.ordnancesurvey.co.uk/ontology/admingeo/County,Yorkshire and the Humber,http://data.ordnancesurvey.co.uk/id/7000000000041430,England,http://data.ordnancesurvey.co.uk/id/country/england,,,
osgb4000000074771300,http://data.ordnancesurvey.co.uk/id/4000000074771300,Mill Hill,,,,landform,Hill Or Mountain,380601,464336,1000,300000,380351,464086,380851,464586,BD24,http://data.ordnancesurvey.co.uk/id/postcodedistrict/BD24,,,,Craven,http://data.ordnancesurvey.co.uk/id/7000000000021698,http://data.ordnancesurvey.co.uk/ontology/admingeo/District,North Yorkshire,http://data.ordnancesurvey.co.uk/id/7000000000022028,http://data.ordnancesurvey.co.uk/ontology/admingeo/County,Yorkshire and the Humber,http://data.ordnancesurvey.co.uk/id/7000000000041430,England,http://data.ordnancesurvey.co.uk/id/country/england,,,
osgb4000000074738898,http://data.ordnancesurvey.co.uk/id/4000000074738898,Far Fell,,,,landcover,Other Landcover,387231,469593,7000,1300000,386906,469090,387950,470097,BD24,http://data.ordnancesurvey.co.uk/id/postcodedistrict/BD24,,,,Craven,http://data.ordnancesurvey.co.uk/id/7000000000021698,http://data.ordnancesurvey.co.uk/ontology/admingeo/District,North Yorkshire,http://data.ordnancesurvey.co.uk/id/7000000000022028,http://data.ordnancesurvey.co.uk/ontology/admingeo/County,Yorkshire and the Humber,http://data.ordnancesurvey.co.uk/id/7000000000041430,England,http://data.ordnancesurvey.co.uk/id/country/england,,,
osgb4000000074694237,http://data.ordnancesurvey.co.uk/id/4000000074694237,Byre Bank Wood,,,,landcover,Woodland Or Forest,393936,471987,2000,400000,393687,471737,394187,472237,BD23,http://data.ordnancesurvey.co.uk/id/postcodedistrict/BD23,,,,Craven,http://data.ordnancesurvey.co.uk/id/7000000000021698,http://data.ordnancesurvey.co.uk/ontology/admingeo/District,North Yorkshire,http://data.ordnancesurvey.co.uk/id/7000000000022028,http://data.ordnancesurvey.co.uk/ontology/admingeo/County,Yorkshire and the Humber,http://data.ordnancesurvey.co.uk/id/7000000000041430,England,http://data.ordnancesurvey.co.uk/id/country/england,,,
osgb4000000074739308,http://data.ordnancesurvey.co.uk/id/4000000074739308,Dick Close Pasture,,,,landcover,Other Landcover,385945,467790,9000,1300000,385247,467141,386644,468492,BD24,http://data.ordnancesurvey.co.uk/id/postcodedistrict/BD24,,,,Craven,http://data.ordnancesurvey.co.uk/id/7000000000021698,http://data.ordnancesurvey.co.uk/ontology/admingeo/District,North Yorkshire,http://data.ordnancesurvey.co.uk/id/7000000000022028,http://data.ordnancesurvey.co.uk/ontology/admingeo/County,Yorkshire and the Humber,http://data.ordnancesurvey.co.uk/id/7000000000041430,England,http://data.ordnancesurvey.co.uk/id/country/england,,,
osgb4000000074739971,http://data.ordnancesurvey.co.uk/id/4000000074739971,Potts Moor,,,,landcover,Other Landcover,389713,475705,11000,800000,388835,475000,390498,476409,BD23,http://data.ordnancesurvey.co.uk/id/postcodedistrict/BD23,,,,Craven,http://data.ordnancesurvey.co.uk/id/7000000000021698,http://data.ordnancesurvey.co.uk/ontology/admingeo/District,North Yorkshire,http://data.ordnancesurvey.co.uk/id/7000000000022028,http://data.ordnancesurvey.co.uk/ontology/admingeo/County,Yorkshire and the Humber,http://data.ordnancesurvey.co.uk/id/7000000000041430,England,http://data.ordnancesurvey.co.uk/id/country/england,,,
osgb4000000074691788,http://data.ordnancesurvey.co.uk/id/4000000074691788,New Plantation,,,,landcover,Woodland Or Forest,393706,460382,1000,400000,393453,460132,393953,460632,BD23,http://data.ordnancesurvey.co.uk/id/postcodedistrict/BD23,,,,Craven,http://data.ordnancesurvey.co.uk/id/7000000000021698,http://data.ordnancesurvey.co.uk/ontology/admingeo/District,North Yorkshire,http://data.ordnancesurvey.co.uk/id/7000000000022028,http://data.ordnancesurvey.co.uk/ontology/admingeo/County,Yorkshire and the Humber,http://data.ordnancesurvey.co.uk/id/7000000000041430,England,http://data.ordnancesurvey.co.uk/id/country/england,,,
osgb4000000074694650,http://data.ordnancesurvey.co.uk/id/4000000074694650,Morray Plantation,,,,landcover,Woodland Or Forest,381223,471572,1000,400000,380974,471322,381474,471822,BD24,http://data.ordnancesurvey.co.uk/id/postcodedistrict/BD24,,,,Craven,http://data.ordnancesurvey.co.uk/id/7000000000021698,http://data.ordnancesurvey.co.uk/ontology/admingeo/District,North Yorkshire,http://data.ordnancesurvey.co.uk/id/7000000000022028,http://data.ordnancesurvey.co.uk/ontology/admingeo/County,Yorkshire and the Humber,http://data.ordnancesurvey.co.uk/id/7000000000041430,England,http://data.ordnancesurvey.co.uk/id/country/england,,,
osgb4000000074739181,http://data.ordnancesurvey.co.uk/id/4000000074739181,Scosthrop Moor,,,,landcover,Other Landcover,388048,460557,17000,800000,387000,459509,389096,462192,BD23,http://data.ordnancesurvey.co.uk/id/postcodedistrict/BD23,,,,Craven,http://data.ordnancesurvey.co.uk/id/7000000000021698,http://data.ordnancesurvey.co.uk/ontology/admingeo/District,North Yorkshire,http://data.ordnancesurvey.co.uk/id/7000000000022028,http://data.ordnancesurvey.co.uk/ontology/admingeo/County,Yorkshire and the Humber,http://data.ordnancesurvey.co.uk/id/7000000000041430,England,http://data.ordnancesurvey.co.uk/id/country/england,,,
osgb4000000074593812,http://data.ordnancesurvey.co.uk/id/4000000074593812,Firth Fell,,,,landcover,Other Landcover,393317,474829,13000,1300000,392317,473986,394317,475609,BD23,http://data.ordnancesurvey.co.uk/id/postcodedistrict/BD23,,,,Craven,http://data.ordnancesurvey.co.uk/id/7000000000021698,http://data.ordnancesurvey.co.uk/ontology/admingeo/District,North Yorkshire,http://data.ordnancesurvey.co.uk/id/7000000000022028,http://data.ordnancesurvey.co.uk/ontology/admingeo/County,Yorkshire and the Humber,http://data.ordnancesurvey.co.uk/id/7000000000041430,England,http://data.ordnancesurvey.co.uk/id/country/england,,,
osgb4000000074743586,http://data.ordnancesurvey.co.uk/id/4000000074743586,Old Ing Moor,,,,landcover,Woodland Or Forest,381309,478215,7000,400000,380625,477714,381570,478717,BD24,http://data.ordnancesurvey.co.uk/id/postcodedistrict/BD24,,,,Craven,http://data.ordnancesurvey.co.uk/id/7000000000021698,http://data.ordnancesurvey.co.uk/ontology/admingeo/District,North Yorkshire,http://data.ordnancesurvey.co.uk/id/7000000000022028,http://data.ordnancesurvey.co.uk/ontology/admingeo/County,Yorkshire and the Humber,http://data.ordnancesurvey.co.uk/id/7000000000041430,England,http://data.ordnancesurvey.co.uk/id/country/england,,,
osgb4000000074797730,http://data.ordnancesurvey.co.uk/id/4000000074797730,Catrigg Force,,,,hydrography,Waterfall,383219,467082,1000,15000,382969,466832,383469,467332,BD24,http://data.ordnancesurvey.co.uk/id/postcodedistrict/BD24,,,,Craven,http://data.ordnancesurvey.co.uk/id/7000000000021698,http://data.ordnancesurvey.co.uk/ontology/admingeo/District,North Yorkshire,http://data.ordnancesurvey.co.uk/id/7000000000022028,http://data.ordnancesurvey.co.uk/ontology/admingeo/County,Yorkshire and the Humber,http://data.ordnancesurvey.co.uk/id/7000000000041430,England,http://data.ordnancesurvey.co.uk/id/country/england,,,
osgb4000000074691791,http://data.ordnancesurvey.co.uk/id/4000000074691791,Wye Plantation,,,,landcover,Woodland Or Forest,392764,460155,5000,400000,392623,459756,393123,460555,BD23,http://data.ordnancesurvey.co.uk/id/postcodedistrict/BD23,,,,Craven,http://data.ordnancesurvey.co.uk/id/7000000000021698,http://data.ordnancesurvey.co.uk/ontology/admingeo/District,North Yorkshire,http://data.ordnancesurvey.co.uk/id/7000000000022028,http://data.ordnancesurvey.co.uk/ontology/admingeo/County,Yorkshire and the Humber,http://data.ordnancesurvey.co.uk/id/7000000000041430,England,http://data.ordnancesurvey.co.uk/id/country/england,,,
osgb4000000074696696,http://data.ordnancesurvey.co.uk/id/4000000074696696,Gerald's Spinney,,,,landcover,Woodland Or Forest,396311,460065,1000,400000,396061,459815,396561,460315,BD23,http://data.ordnancesurvey.co.uk/id/postcodedistrict/BD23,,,,Craven,http://data.ordnancesurvey.co.uk/id/7000000000021698,http://data.ordnancesurvey.co.uk/ontology/admingeo/District,North Yorkshire,http://data.ordnancesurvey.co.uk/id/7000000000022028,http://data.ordnancesurvey.co.uk/ontology/admingeo/County,Yorkshire and the Humber,http://data.ordnancesurvey.co.uk/id/7000000000041430,England,http://data.ordnancesurvey.co.uk/id/country/england,,,
osgb4000000074692220,http://data.ordnancesurvey.co.uk/id/4000000074692220,Manes Plantation,,,,landcover,Woodland Or Forest,399144,462869,2000,400000,398894,462689,399394,463189,BD23,http://data.ordnancesurvey.co.uk/id/postcodedistrict/BD23,,,,Craven,http://data.ordnancesurvey.co.uk/id/7000000000021698,http://data.ordnancesurvey.co.uk/ontology/admingeo/District,North Yorkshire,http://data.ordnancesurvey.co.uk/id/7000000000022028,http://data.ordnancesurvey.co.uk/ontology/admingeo/County,Yorkshire and the Humber,http://data.ordnancesurvey.co.uk/id/7000000000041430,England,http://data.ordnancesurvey.co.uk/id/country/england,,,
osgb4000000074691827,http://data.ordnancesurvey.co.uk/id/4000000074691827,Willy's Wood,,,,landcover,Woodland Or Forest,391058,462772,1000,400000,390808,462552,391308,463052,BD23,http://data.ordnancesurvey.co.uk/id/postcodedistrict/BD23,,,,Craven,http://data.ordnancesurvey.co.uk/id/7000000000021698,http://data.ordnancesurvey.co.uk/ontology/admingeo/District,North Yorkshire,http://data.ordnancesurvey.co.uk/id/7000000000022028,http://data.ordnancesurvey.co.uk/ontology/admingeo/County,Yorkshire and the Humber,http://data.ordnancesurvey.co.uk/id/7000000000041430,England,http://data.ordnancesurvey.co.uk/id/country/england,,,
osgb4000000074586079,http://data.ordnancesurvey.co.uk/id/4000000074586079,Langstrothdale Chase,,,,landcover,Other Landcover,388923,479489,103000,1300000,380393,474826,396291,484152,BD23,http://data.ordnancesurvey.co.uk/id/postcodedistrict/BD23,,,,Craven,http://data.ordnancesurvey.co.uk/id/7000000000021698,http://data.ordnancesurvey.co.uk/ontology/admingeo/District,North Yorkshire,http://data.ordnancesurvey.co.uk/id/7000000000022028,http://data.ordnancesurvey.co.uk/ontology/admingeo/County,Yorkshire and the Humber,http://data.ordnancesurvey.co.uk/id/7000000000041430,England,http://data.ordnancesurvey.co.uk/id/country/england,,,
osgb4000000074739008,http://data.ordnancesurvey.co.uk/id/4000000074739008,Boss Moor,,,,landcover,Other Landcover,395972,462304,9000,1300000,395337,461711,396608,463036,BD23,http://data.ordnancesurvey.co.uk/id/postcodedistrict/BD23,,,,Craven,http://data.ordnancesurvey.co.uk/id/7000000000021698,http://data.ordnancesurvey.co.uk/ontology/admingeo/District,North Yorkshire,http://data.ordnancesurvey.co.uk/id/7000000000022028,http://data.ordnancesurvey.co.uk/ontology/admingeo/County,Yorkshire and the Humber,http://data.ordnancesurvey.co.uk/id/7000000000041430,England,http://data.ordnancesurvey.co.uk/id/country/england,,,
osgb4000000074740303,http://data.ordnancesurvey.co.uk/id/4000000074740303,Low Pasture,,,,landcover,Other Landcover,393274,479753,7000,1300000,392763,479252,393786,479939,BD23,http://data.ordnancesurvey.co.uk/id/postcodedistrict/BD23,,,,Craven,http://data.ordnancesurvey.co.uk/id/7000000000021698,http://data.ordnancesurvey.co.uk/ontology/admingeo/District,North Yorkshire,http://data.ordnancesurvey.co.uk/id/7000000000022028,http://data.ordnancesurvey.co.uk/ontology/admingeo/County,Yorkshire and the Humber,http://data.ordnancesurvey.co.uk/id/7000000000041430,England,http://data.ordnancesurvey.co.uk/id/country/england,,,
osgb4000000074594430,http://data.ordnancesurvey.co.uk/id/4000000074594430,Fountains Fell,,,,landcover,Other Landcover,385681,470291,27000,1300000,383948,468276,387414,472353,BD24,http://data.ordnancesurvey.co.uk/id/postcodedistrict/BD24,,,,Craven,http://data.ordnancesurvey.co.uk/id/7000000000021698,http://data.ordnancesurvey.co.uk/ontology/admingeo/District,North Yorkshire,http://data.ordnancesurvey.co.uk/id/7000000000022028,http://data.ordnancesurvey.co.uk/ontology/admingeo/County,Yorkshire and the Humber,http://data.ordnancesurvey.co.uk/id/7000000000041430,England,http://data.ordnancesurvey.co.uk/id/country/england,,,
osgb4000000074694646,http://data.ordnancesurvey.co.uk/id/4000000074694646,Douk Ghyll Plantation,,,,landcover,Woodland Or Forest,381635,472539,1000,400000,381385,472258,381885,472758,BD24,http://data.ordnancesurvey.co.uk/id/postcodedistrict/BD24,,,,Craven,http://data.ordnancesurvey.co.uk/id/7000000000021698,http://data.ordnancesurvey.co.uk/ontology/admingeo/District,North Yorkshire,http://data.ordnancesurvey.co.uk/id/7000000000022028,http://data.ordnancesurvey.co.uk/ontology/admingeo/County,Yorkshire and the Humber,http://data.ordnancesurvey.co.uk/id/7000000000041430,England,http://data.ordnancesurvey.co.uk/id/country/england,,,
osgb4000000074693036,http://data.ordnancesurvey.co.uk/id/4000000074693036,Castlebergh Plantation,,,,landcover,Woodland Or Forest,382159,463728,1000,400000,381909,463485,382409,463985,BD24,http://data.ordnancesurvey.co.uk/id/postcodedistrict/BD24,,,,Craven,http://data.ordnancesurvey.co.uk/id/7000000000021698,http://data.ordnancesurvey.co.uk/ontology/admingeo/District,North Yorkshire,http://data.ordnancesurvey.co.uk/id/7000000000022028,http://data.ordnancesurvey.co.uk/ontology/admingeo/County,Yorkshire and the Humber,http://data.ordnancesurvey.co.uk/id/7000000000041430,England,http://data.ordnancesurvey.co.uk/id/country/england,,,
osgb4000000074771355,http://data.ordnancesurvey.co.uk/id/4000000074771355,Bargh Hill,,,,landform,Hill Or Mountain,382060,468788,1000,300000,381810,468538,382310,469038,BD24,http://data.ordnancesurvey.co.uk/id/postcodedistrict/BD24,,,,Craven,http://data.ordnancesurvey.co.uk/id/7000000000021698,http://data.ordnancesurvey.co.uk/ontology/admingeo/District,North Yorkshire,http://data.ordnancesurvey.co.uk/id/7000000000022028,http://data.ordnancesurvey.co.uk/ontology/admingeo/County,Yorkshire and the Humber,http://data.ordnancesurvey.co.uk/id/7000000000041430,England,http://data.ordnancesurvey.co.uk/id/country/england,,,
osgb4000000074692189,http://data.ordnancesurvey.co.uk/id/4000000074692189,Scarth Plantation,,,,landcover,Woodland Or Forest,388874,460011,1000,400000,388624,459753,389124,460253,BD23,http://data.ordnancesurvey.co.uk/id/postcodedistrict/BD23,,,,Craven,http://data.ordnancesurvey.co.uk/id/7000000000021698,http://data.ordnancesurvey.co.uk/ontology/admingeo/District,North Yorkshire,http://data.ordnancesurvey.co.uk/id/7000000000022028,http://data.ordnancesurvey.co.uk/ontology/admingeo/County,Yorkshire and the Humber,http://data.ordnancesurvey.co.uk/id/7000000000041430,England,http://data.ordnancesurvey.co.uk/id/country/england,,,
osgb4000000074596578,http://data.ordnancesurvey.co.uk/id/4000000074596578,High Moss,,,,landcover,Other Landcover,395829,463796,6000,1300000,395541,463371,396116,464310,BD23,http://data.ordnancesurvey.co.uk/id/postcodedistrict/BD23,,,,Craven,http://data.ordnancesurvey.co.uk/id/7000000000021698,http://data.ordnancesurvey.co.uk/ontology/admingeo/District,North Yorkshire,http://data.ordnancesurvey.co.uk/id/7000000000022028,http://data.ordnancesurvey.co.uk/ontology/admingeo/County,Yorkshire and the Humber,http://data.ordnancesurvey.co.uk/id/7000000000041430,England,http://data.ordnancesurvey.co.uk/id/country/england,,,
osgb4000000074764650,http://data.ordnancesurvey.co.uk/id/4000000074764650,Shorkley Hill,,,,landform,Hill Or Mountain,390241,463774,1000,300000,389991,463524,390491,464024,BD23,http://data.ordnancesurvey.co.uk/id/postcodedistrict/BD23,,,,Craven,http://data.ordnancesurvey.co.uk/id/7000000000021698,http://data.ordnancesurvey.co.uk/ontology/admingeo/District,North Yorkshire,http://data.ordnancesurvey.co.uk/id/7000000000022028,http://data.ordnancesurvey.co.uk/ontology/admingeo/County,Yorkshire and the Humber,http://data.ordnancesurvey.co.uk/id/7000000000041430,England,http://data.ordnancesurvey.co.uk/id/country/england,,,
osgb4000000074692636,http://data.ordnancesurvey.co.uk/id/4000000074692636,Brockhole Plantations,,,,landcover,Woodland Or Forest,382068,462623,1000,400000,381818,462348,382318,462848,BD24,http://data.ordnancesurvey.co.uk/id/postcodedistrict/BD24,,,,Craven,http://data.ordnancesurvey.co.uk/id/7000000000021698,http://data.ordnancesurvey.co.uk/ontology/admingeo/District,North Yorkshire,http://data.ordnancesurvey.co.uk/id/7000000000022028,http://data.ordnancesurvey.co.uk/ontology/admingeo/County,Yorkshire and the Humber,http://data.ordnancesurvey.co.uk/id/7000000000041430,England,http://data.ordnancesurvey.co.uk/id/country/england,,,
osgb4000000074740048,http://data.ordnancesurvey.co.uk/id/4000000074740048,Buckden Out Moor,,,,landcover,Other Landcover,395491,478738,9000,800000,394814,478119,396167,479568,BD23,http://data.ordnancesurvey.co.uk/id/postcodedistrict/BD23,,,,Craven,http://data.ordnancesurvey.co.uk/id/7000000000021698,http://data.ordnancesurvey.co.uk/ontology/admingeo/District,North Yorkshire,http://data.ordnancesurvey.co.uk/id/7000000000022028,http://data.ordnancesurvey.co.uk/ontology/admingeo/County,Yorkshire and the Humber,http://data.ordnancesurvey.co.uk/id/7000000000041430,England,http://data.ordnancesurvey.co.uk/id/country/england,,,
osgb4000000074724732,http://data.ordnancesurvey.co.uk/id/4000000074724732,Deepdale Scar,,,,landform,Valley,397301,479713,3000,800000,397046,479464,397546,479964,DL8,http://data.ordnancesurvey.co.uk/id/postcodedistrict/DL8,,,,Richmondshire,http://data.ordnancesurvey.co.uk/id/7000000000021986,http://data.ordnancesurvey.co.uk/ontology/admingeo/District,North Yorkshire,http://data.ordnancesurvey.co.uk/id/7000000000022028,http://data.ordnancesurvey.co.uk/ontology/admingeo/County,Yorkshire and the Humber,http://data.ordnancesurvey.co.uk/id/7000000000041430,England,http://data.ordnancesurvey.co.uk/id/country/england,,,
osgb4000000074713695,http://data.ordnancesurvey.co.uk/id/4000000074713695,Springs Wood,,,,landcover,Woodland Or Forest,395637,473062,2000,400000,395387,472814,395887,473314,BD23,http://data.ordnancesurvey.co.uk/id/postcodedistrict/BD23,,,,Craven,http://data.ordnancesurvey.co.uk/id/7000000000021698,http://data.ordnancesurvey.co.uk/ontology/admingeo/District,North Yorkshire,http://data.ordnancesurvey.co.uk/id/7000000000022028,http://data.ordnancesurvey.co.uk/ontology/admingeo/County,Yorkshire and the Humber,http://data.ordnancesurvey.co.uk/id/7000000000041430,England,http://data.ordnancesurvey.co.uk/id/country/england,,,
osgb4000000074693033,http://data.ordnancesurvey.co.uk/id/4000000074693033,Crookacre Wood,,,,landcover,Woodland Or Forest,397751,471472,1000,400000,397501,471218,398001,471718,BD23,http://data.ordnancesurvey.co.uk/id/postcodedistrict/BD23,,,,Craven,http://data.ordnancesurvey.co.uk/id/7000000000021698,http://data.ordnancesurvey.co.uk/ontology/admingeo/District,North Yorkshire,http://data.ordnancesurvey.co.uk/id/7000000000022028,http://data.ordnancesurvey.co.uk/ontology/admingeo/County,Yorkshire and the Humber,http://data.ordnancesurvey.co.uk/id/7000000000041430,England,http://data.ordnancesurvey.co.uk/id/country/england,,,
osgb4000000074617827,http://data.ordnancesurvey.co.uk/id/4000000074617827,Brown Hill,,,,landform,Hill Or Mountain,392643,462370,1000,300000,392393,462120,392893,462620,BD23,http://data.ordnancesurvey.co.uk/id/postcodedistrict/BD23,,,,Craven,http://data.ordnancesurvey.co.uk/id/7000000000021698,http://data.ordnancesurvey.co.uk/ontology/admingeo/District,North Yorkshire,http://data.ordnancesurvey.co.uk/id/7000000000022028,http://data.ordnancesurvey.co.uk/ontology/admingeo/County,Yorkshire and the Humber,http://data.ordnancesurvey.co.uk/id/7000000000041430,England,http://data.ordnancesurvey.co.uk/id/country/england,,,
osgb4000000074739315,http://data.ordnancesurvey.co.uk/id/4000000074739315,Dub Cote Scar Pasture,,,,landcover,Other Landcover,382889,471115,4000,800000,382556,470794,383222,471391,BD24,http://data.ordnancesurvey.co.uk/id/postcodedistrict/BD24,,,,Craven,http://data.ordnancesurvey.co.uk/id/7000000000021698,http://data.ordnancesurvey.co.uk/ontology/admingeo/District,North Yorkshire,http://data.ordnancesurvey.co.uk/id/7000000000022028,http://data.ordnancesurvey.co.uk/ontology/admingeo/County,Yorkshire and the Humber,http://data.ordnancesurvey.co.uk/id/7000000000041430,England,http://data.ordnancesurvey.co.uk/id/country/england,,,
osgb4000000074673461,http://data.ordnancesurvey.co.uk/id/4000000074673461,Strans Wood,,,,landcover,Woodland Or Forest,391432,478628,3000,400000,391145,478378,391681,478878,BD23,http://data.ordnancesurvey.co.uk/id/postcodedistrict/BD23,,,,Craven,http://data.ordnancesurvey.co.uk/id/7000000000021698,http://data.ordnancesurvey.co.uk/ontology/admingeo/District,North Yorkshire,http://data.ordnancesurvey.co.uk/id/7000000000022028,http://data.ordnancesurvey.co.uk/ontology/admingeo/County,Yorkshire and the Humber,http://data.ordnancesurvey.co.uk/id/7000000000041430,England,http://data.ordnancesurvey.co.uk/id/country/england,,,
osgb4000000074697516,http://data.ordnancesurvey.co.uk/id/4000000074697516,Low Ratts Plantation,,,,landcover,Woodland Or Forest,396506,460735,1000,400000,396256,460446,396756,460946,BD23,http://data.ordnancesurvey.co.uk/id/postcodedistrict/BD23,,,,Craven,http://data.ordnancesurvey.co.uk/id/7000000000021698,http://data.ordnancesurvey.co.uk/ontology/admingeo/District,North Yorkshire,http://data.ordnancesurvey.co.uk/id/7000000000022028,http://data.ordnancesurvey.co.uk/ontology/admingeo/County,Yorkshire and the Humber,http://data.ordnancesurvey.co.uk/id/7000000000041430,England,http://data.ordnancesurvey.co.uk/id/country/england,,,
osgb4000000074594429,http://data.ordnancesurvey.co.uk/id/4000000074594429,Limekiln Pasture,,,,landcover,Other Landcover,382167,473188,3000,1300000,381927,472938,382427,473438,BD24,http://data.ordnancesurvey.co.uk/id/postcodedistrict/BD24,,,,Craven,http://data.ordnancesurvey.co.uk/id/7000000000021698,http://data.ordnancesurvey.co.uk/ontology/admingeo/District,North Yorkshire,http://data.ordnancesurvey.co.uk/id/7000000000022028,http://data.ordnancesurvey.co.uk/ontology/admingeo/County,Yorkshire and the Humber,http://data.ordnancesurvey.co.uk/id/7000000000041430,England,http://data.ordnancesurvey.co.uk/id/country/england,,,
osgb4000000074694234,http://data.ordnancesurvey.co.uk/id/4000000074694234,Park Nook Wood,,,,landcover,Woodland Or Forest,397727,474272,2000,400000,397478,474005,397978,474505,BD23,http://data.ordnancesurvey.co.uk/id/postcodedistrict/BD23,,,,Craven,http://data.ordnancesurvey.co.uk/id/7000000000021698,http://data.ordnancesurvey.co.uk/ontology/admingeo/District,North Yorkshire,http://data.ordnancesurvey.co.uk/id/7000000000022028,http://data.ordnancesurvey.co.uk/ontology/admingeo/County,Yorkshire and the Humber,http://data.ordnancesurvey.co.uk/id/7000000000041430,England,http://data.ordnancesurvey.co.uk/id/country/england,,,
osgb4000000074738583,http://data.ordnancesurvey.co.uk/id/4000000074738583,Threapland Fell,,,,landcover,Other Landcover,399750,460216,5000,1300000,399391,459714,400109,460527,BD23,http://data.ordnancesurvey.co.uk/id/postcodedistrict/BD23,,,,Craven,http://data.ordnancesurvey.co.uk/id/7000000000021698,http://data.ordnancesurvey.co.uk/ontology/admingeo/District,North Yorkshire,http://data.ordnancesurvey.co.uk/id/7000000000022028,http://data.ordnancesurvey.co.uk/ontology/admingeo/County,Yorkshire and the Humber,http://data.ordnancesurvey.co.uk/id/7000000000041430,England,http://data.ordnancesurvey.co.uk/id/country/england,,,
osgb4000000074739582,http://data.ordnancesurvey.co.uk/id/4000000074739582,Lime Kiln Pasture,,,,landcover,Other Landcover,398365,475438,4000,1300000,398116,475000,398616,475601,BD23,http://data.ordnancesurvey.co.uk/id/postcodedistrict/BD23,,,,Craven,http://data.ordnancesurvey.co.uk/id/7000000000021698,http://data.ordnancesurvey.co.uk/ontology/admingeo/District,North Yorkshire,http://data.ordnancesurvey.co.uk/id/7000000000022028,http://data.ordnancesurvey.co.uk/ontology/admingeo/County,Yorkshire and the Humber,http://data.ordnancesurvey.co.uk/id/7000000000041430,England,http://data.ordnancesurvey.co.uk/id/country/england,,,
osgb4000000074677859,http://data.ordnancesurvey.co.uk/id/4000000074677859,Grass Wood,,,,landcover,Woodland Or Forest,398836,465396,10000,400000,398073,464793,399600,466034,BD23,http://data.ordnancesurvey.co.uk/id/postcodedistrict/BD23,,,,Craven,http://data.ordnancesurvey.co.uk/id/7000000000021698,http://data.ordnancesurvey.co.uk/ontology/admingeo/District,North Yorkshire,http://data.ordnancesurvey.co.uk/id/7000000000022028,http://data.ordnancesurvey.co.uk/ontology/admingeo/County,Yorkshire and the Humber,http://data.ordnancesurvey.co.uk/id/7000000000041430,England,http://data.ordnancesurvey.co.uk/id/country/england,,,
osgb4000000074739489,http://data.ordnancesurvey.co.uk/id/4000000074739489,West Moor,,,,landcover,Other Landcover,391315,471507,16000,1300000,390064,470427,392458,472587,BD24,http://data.ordnancesurvey.co.uk/id/postcodedistrict/BD24,,,,Craven,http://data.ordnancesurvey.co.uk/id/7000000000021698,http://data.ordnancesurvey.co.uk/ontology/admingeo/District,North Yorkshire,http://data.ordnancesurvey.co.uk/id/7000000000022028,http://data.ordnancesurvey.co.uk/ontology/admingeo/County,Yorkshire and the Humber,http://data.ordnancesurvey.co.uk/id/7000000000041430,England,http://data.ordnancesurvey.co.uk/id/country/england,,,
osgb4000000074673460,http://data.ordnancesurvey.co.uk/id/4000000074673460,Rais Wood,,,,landcover,Woodland Or Forest,391876,478584,3000,400000,391665,478334,392198,478834,BD23,http://data.ordnancesurvey.co.uk/id/postcodedistrict/BD23,,,,Craven,http://data.ordnancesurvey.co.uk/id/7000000000021698,http://data.ordnancesurvey.co.uk/ontology/admingeo/District,North Yorkshire,http://data.ordnancesurvey.co.uk/id/7000000000022028,http://data.ordnancesurvey.co.uk/ontology/admingeo/County,Yorkshire and the Humber,http://data.ordnancesurvey.co.uk/id/7000000000041430,England,http://data.ordnancesurvey.co.uk/id/country/england,,,
osgb4000000074695042,http://data.ordnancesurvey.co.uk/id/4000000074695042,Rackinger Wood,,,,landcover,Woodland Or Forest,397027,466383,1000,400000,396777,466138,397277,466638,BD23,http://data.ordnancesurvey.co.uk/id/postcodedistrict/BD23,,,,Craven,http://data.ordnancesurvey.co.uk/id/7000000000021698,http://data.ordnancesurvey.co.uk/ontology/admingeo/District,North Yorkshire,http://data.ordnancesurvey.co.uk/id/7000000000022028,http://data.ordnancesurvey.co.uk/ontology/admingeo/County,Yorkshire and the Humber,http://data.ordnancesurvey.co.uk/id/7000000000041430,England,http://data.ordnancesurvey.co.uk/id/country/england,,,
osgb4000000074697106,http://data.ordnancesurvey.co.uk/id/4000000074697106,Share Wood,,,,landcover,Woodland Or Forest,396430,460218,2000,400000,396180,459962,396680,460462,BD23,http://data.ordnancesurvey.co.uk/id/postcodedistrict/BD23,,,,Craven,http://data.ordnancesurvey.co.uk/id/7000000000021698,http://data.ordnancesurvey.co.uk/ontology/admingeo/District,North Yorkshire,http://data.ordnancesurvey.co.uk/id/7000000000022028,http://data.ordnancesurvey.co.uk/ontology/admingeo/County,Yorkshire and the Humber,http://data.ordnancesurvey.co.uk/id/7000000000041430,England,http://data.ordnancesurvey.co.uk/id/country/england,,,
osgb4000000074764824,http://data.ordnancesurvey.co.uk/id/4000000074764824,Hamerton Hill,,,,landform,Hill Or Mountain,396606,462053,1000,300000,396356,461803,396856,462303,BD23,http://data.ordnancesurvey.co.uk/id/postcodedistrict/BD23,,,,Craven,http://data.ordnancesurvey.co.uk/id/7000000000021698,http://data.ordnancesurvey.co.uk/ontology/admingeo/District,North Yorkshire,http://data.ordnancesurvey.co.uk/id/7000000000022028,http://data.ordnancesurvey.co.uk/ontology/admingeo/County,Yorkshire and the Humber,http://data.ordnancesurvey.co.uk/id/7000000000041430,England,http://data.ordnancesurvey.co.uk/id/country/england,,,
osgb4000000074771357,http://data.ordnancesurvey.co.uk/id/4000000074771357,Bent Hill,,,,landform,Hill Or Mountain,393072,464451,1000,300000,392822,464201,393322,464701,BD23,http://data.ordnancesurvey.co.uk/id/postcodedistrict/BD23,,,,Craven,http://data.ordnancesurvey.co.uk/id/7000000000021698,http://data.ordnancesurvey.co.uk/ontology/admingeo/District,North Yorkshire,http://data.ordnancesurvey.co.uk/id/7000000000022028,http://data.ordnancesurvey.co.uk/ontology/admingeo/County,Yorkshire and the Humber,http://data.ordnancesurvey.co.uk/id/7000000000041430,England,http://data.ordnancesurvey.co.uk/id/country/england,,,
osgb4000000074739313,http://data.ordnancesurvey.co.uk/id/4000000074739313,New Pasture,,,,landcover,Other Landcover,388196,469056,5000,800000,387809,468789,388646,469323,BD24,http://data.ordnancesurvey.co.uk/id/postcodedistrict/BD24,,,,Craven,http://data.ordnancesurvey.co.uk/id/7000000000021698,http://data.ordnancesurvey.co.uk/ontology/admingeo/District,North Yorkshire,http://data.ordnancesurvey.co.uk/id/7000000000022028,http://data.ordnancesurvey.co.uk/ontology/admingeo/County,Yorkshire and the Humber,http://data.ordnancesurvey.co.uk/id/7000000000041430,England,http://data.ordnancesurvey.co.uk/id/country/england,,,
osgb4000000074596277,http://data.ordnancesurvey.co.uk/id/4000000074596277,Horse Head Moor,,,,landcover,Other Landcover,390137,477892,20000,1300000,388667,476445,391608,479531,BD23,http://data.ordnancesurvey.co.uk/id/postcodedistrict/BD23,,,,Craven,http://data.ordnancesurvey.co.uk/id/7000000000021698,http://data.ordnancesurvey.co.uk/ontology/admingeo/District,North Yorkshire,http://data.ordnancesurvey.co.uk/id/7000000000022028,http://data.ordnancesurvey.co.uk/ontology/admingeo/County,Yorkshire and the Humber,http://data.ordnancesurvey.co.uk/id/7000000000041430,England,http://data.ordnancesurvey.co.uk/id/country/england,,,
osgb4000000074771015,http://data.ordnancesurvey.co.uk/id/4000000074771015,Carden Hill,,,,landform,Hill Or Mountain,399435,460553,1000,300000,399185,460303,399685,460803,BD23,http://data.ordnancesurvey.co.uk/id/postcodedistrict/BD23,,,,Craven,http://data.ordnancesurvey.co.uk/id/7000000000021698,http://data.ordnancesurvey.co.uk/ontology/admingeo/District,North Yorkshire,http://data.ordnancesurvey.co.uk/id/7000000000022028,http://data.ordnancesurvey.co.uk/ontology/admingeo/County,Yorkshire and the Humber,http://data.ordnancesurvey.co.uk/id/7000000000041430,England,http://data.ordnancesurvey.co.uk/id/country/england,,,
osgb4000000074740227,http://data.ordnancesurvey.co.uk/id/4000000074740227,Foxup Moor,,,,landcover,Other Landcover,384494,476138,12000,1300000,383824,475256,385164,477063,BD23,http://data.ordnancesurvey.co.uk/id/postcodedistrict/BD23,,,,Craven,http://data.ordnancesurvey.co.uk/id/7000000000021698,http://data.ordnancesurvey.co.uk/ontology/admingeo/District,North Yorkshire,http://data.ordnancesurvey.co.uk/id/7000000000022028,http://data.ordnancesurvey.co.uk/ontology/admingeo/County,Yorkshire and the Humber,http://data.ordnancesurvey.co.uk/id/7000000000041430,England,http://data.ordnancesurvey.co.uk/id/country/england,,,
osgb4000000074623528,http://data.ordnancesurvey.co.uk/id/4000000074623528,Skelterton Hill,,,,landform,Hill Or Mountain,398809,460174,1000,300000,398559,459924,399059,460424,BD23,http://data.ordnancesurvey.co.uk/id/postcodedistrict/BD23,,,,Craven,http://data.ordnancesurvey.co.uk/id/7000000000021698,http://data.ordnancesurvey.co.uk/ontology/admingeo/District,North Yorkshire,http://data.ordnancesurvey.co.uk/id/7000000000022028,http://data.ordnancesurvey.co.uk/ontology/admingeo/County,Yorkshire and the Humber,http://data.ordnancesurvey.co.uk/id/7000000000041430,England,http://data.ordnancesurvey.co.uk/id/country/england,,,
osgb4000000074724656,http://data.ordnancesurvey.co.uk/id/4000000074724656,Wharfedale,,,,landform,Valley,398289,467472,115000,800000,392680,460470,403898,478118,BD23,http://data.ordnancesurvey.co.uk/id/postcodedistrict/BD23,,,,Craven,http://data.ordnancesurvey.co.uk/id/7000000000021698,http://data.ordnancesurvey.co.uk/ontology/admingeo/District,North Yorkshire,http://data.ordnancesurvey.co.uk/id/7000000000022028,http://data.ordnancesurvey.co.uk/ontology/admingeo/County,Yorkshire and the Humber,http://data.ordnancesurvey.co.uk/id/7000000000041430,England,http://data.ordnancesurvey.co.uk/id/country/england,,,
osgb4000000074620958,http://data.ordnancesurvey.co.uk/id/4000000074620958,Buckden Pike,,,,landform,Hill Or Mountain,396079,478791,1000,300000,395829,478541,396329,479041,BD23,http://data.ordnancesurvey.co.uk/id/postcodedistrict/BD23,,,,Craven,http://data.ordnancesurvey.co.uk/id/7000000000021698,http://data.ordnancesurvey.co.uk/ontology/admingeo/District,North Yorkshire,http://data.ordnancesurvey.co.uk/id/7000000000022028,http://data.ordnancesurvey.co.uk/ontology/admingeo/County,Yorkshire and the Humber,http://data.ordnancesurvey.co.uk/id/7000000000041430,England,http://data.ordnancesurvey.co.uk/id/country/england,,,
osgb4000000074618995,http://data.ordnancesurvey.co.uk/id/4000000074618995,Black Hill,,,,landform,Hill Or Mountain,386597,466211,1000,300000,386347,465961,386847,466461,BD24,http://data.ordnancesurvey.co.uk/id/postcodedistrict/BD24,,,,Craven,http://data.ordnancesurvey.co.uk/id/7000000000021698,http://data.ordnancesurvey.co.uk/ontology/admingeo/District,North Yorkshire,http://data.ordnancesurvey.co.uk/id/7000000000022028,http://data.ordnancesurvey.co.uk/ontology/admingeo/County,Yorkshire and the Humber,http://data.ordnancesurvey.co.uk/id/7000000000041430,England,http://data.ordnancesurvey.co.uk/id/country/england,,,
osgb4000000074673458,http://data.ordnancesurvey.co.uk/id/4000000074673458,Todd's Wood,,,,landcover,Woodland Or Forest,393361,478797,5000,400000,392847,478419,393583,479174,BD23,http://data.ordnancesurvey.co.uk/id/postcodedistrict/BD23,,,,Craven,http://data.ordnancesurvey.co.uk/id/7000000000021698,http://data.ordnancesurvey.co.uk/ontology/admingeo/District,North Yorkshire,http://data.ordnancesurvey.co.uk/id/7000000000022028,http://data.ordnancesurvey.co.uk/ontology/admingeo/County,Yorkshire and the Humber,http://data.ordnancesurvey.co.uk/id/7000000000041430,England,http://data.ordnancesurvey.co.uk/id/country/england,,,
osgb4000000074739057,http://data.ordnancesurvey.co.uk/id/4000000074739057,Cross Fields,,,,landcover,Other Landcover,396003,473455,3000,800000,395754,473205,396254,473705,BD23,http://data.ordnancesurvey.co.uk/id/postcodedistrict/BD23,,,,Craven,http://data.ordnancesurvey.co.uk/id/7000000000021698,http://data.ordnancesurvey.co.uk/ontology/admingeo/District,North Yorkshire,http://data.ordnancesurvey.co.uk/id/7000000000022028,http://data.ordnancesurvey.co.uk/ontology/admingeo/County,Yorkshire and the Humber,http://data.ordnancesurvey.co.uk/id/7000000000041430,England,http://data.ordnancesurvey.co.uk/id/country/england,,,
osgb4000000074620959,http://data.ordnancesurvey.co.uk/id/4000000074620959,Birks Fell,,,,landform,Hill Or Mountain,391879,476367,1000,300000,391629,476117,392129,476617,BD23,http://data.ordnancesurvey.co.uk/id/postcodedistrict/BD23,,,,Craven,http://data.ordnancesurvey.co.uk/id/7000000000021698,http://data.ordnancesurvey.co.uk/ontology/admingeo/District,North Yorkshire,http://data.ordnancesurvey.co.uk/id/7000000000022028,http://data.ordnancesurvey.co.uk/ontology/admingeo/County,Yorkshire and the Humber,http://data.ordnancesurvey.co.uk/id/7000000000041430,England,http://data.ordnancesurvey.co.uk/id/country/england,,,
osgb4000000074595966,http://data.ordnancesurvey.co.uk/id/4000000074595966,Kirkby Fell,,,,landcover,Other Landcover,387200,463377,8000,1300000,386619,462897,387826,463856,BD24,http://data.ordnancesurvey.co.uk/id/postcodedistrict/BD24,,,,Craven,http://data.ordnancesurvey.co.uk/id/7000000000021698,http://data.ordnancesurvey.co.uk/ontology/admingeo/District,North Yorkshire,http://data.ordnancesurvey.co.uk/id/7000000000022028,http://data.ordnancesurvey.co.uk/ontology/admingeo/County,Yorkshire and the Humber,http://data.ordnancesurvey.co.uk/id/7000000000041430,England,http://data.ordnancesurvey.co.uk/id/country/england,,,
osgb4000000074672679,http://data.ordnancesurvey.co.uk/id/4000000074672679,Firth Wood,,,,landcover,Woodland Or Forest,394216,475331,5000,400000,393664,475023,394448,475640,BD23,http://data.ordnancesurvey.co.uk/id/postcodedistrict/BD23,,,,Craven,http://data.ordnancesurvey.co.uk/id/7000000000021698,http://data.ordnancesurvey.co.uk/ontology/admingeo/District,North Yorkshire,http://data.ordnancesurvey.co.uk/id/7000000000022028,http://data.ordnancesurvey.co.uk/ontology/admingeo/County,Yorkshire and the Humber,http://data.ordnancesurvey.co.uk/id/7000000000041430,England,http://data.ordnancesurvey.co.uk/id/country/england,,,
osgb4000000074692619,http://data.ordnancesurvey.co.uk/id/4000000074692619,Tarns Plantation,,,,landcover,Woodland Or Forest,398725,462844,3000,400000,398475,462676,398975,463176,BD23,http://data.ordnancesurvey.co.uk/id/postcodedistrict/BD23,,,,Craven,http://data.ordnancesurvey.co.uk/id/7000000000021698,http://data.ordnancesurvey.co.uk/ontology/admingeo/District,North Yorkshire,http://data.ordnancesurvey.co.uk/id/7000000000022028,http://data.ordnancesurvey.co.uk/ontology/admingeo/County,Yorkshire and the Humber,http://data.ordnancesurvey.co.uk/id/7000000000041430,England,http://data.ordnancesurvey.co.uk/id/country/england,,,
osgb4000000074724733,http://data.ordnancesurvey.co.uk/id/4000000074724733,Littondale,,,,landform,Valley,390274,474100,40000,800000,387545,471461,393710,476738,BD23,http://data.ordnancesurvey.co.uk/id/postcodedistrict/BD23,,,,Craven,http://data.ordnancesurvey.co.uk/id/7000000000021698,http://data.ordnancesurvey.co.uk/ontology/admingeo/District,North Yorkshire,http://data.ordnancesurvey.co.uk/id/7000000000022028,http://data.ordnancesurvey.co.uk/ontology/admingeo/County,Yorkshire and the Humber,http://data.ordnancesurvey.co.uk/id/7000000000041430,England,http://data.ordnancesurvey.co.uk/id/country/england,,,
osgb4000000074739387,http://data.ordnancesurvey.co.uk/id/4000000074739387,Low Birkwith Moor,,,,landcover,Other Landcover,381368,477390,9000,1300000,380838,476939,382167,477841,BD24,http://data.ordnancesurvey.co.uk/id/postcodedistrict/BD24,,,,Craven,http://data.ordnancesurvey.co.uk/id/7000000000021698,http://data.ordnancesurvey.co.uk/ontology/admingeo/District,North Yorkshire,http://data.ordnancesurvey.co.uk/id/7000000000022028,http://data.ordnancesurvey.co.uk/ontology/admingeo/County,Yorkshire and the Humber,http://data.ordnancesurvey.co.uk/id/7000000000041430,England,http://data.ordnancesurvey.co.uk/id/country/england,,,
osgb4000000074770952,http://data.ordnancesurvey.co.uk/id/4000000074770952,Warber Hill,,,,landform,Hill Or Mountain,388990,460108,1000,300000,388740,459858,389240,460358,BD23,http://data.ordnancesurvey.co.uk/id/postcodedistrict/BD23,,,,Craven,http://data.ordnancesurvey.co.uk/id/7000000000021698,http://data.ordnancesurvey.co.uk/ontology/admingeo/District,North Yorkshire,http://data.ordnancesurvey.co.uk/id/7000000000022028,http://data.ordnancesurvey.co.uk/ontology/admingeo/County,Yorkshire and the Humber,http://data.ordnancesurvey.co.uk/id/7000000000041430,England,http://data.ordnancesurvey.co.uk/id/country/england,,,
osgb4000000074795526,http://data.ordnancesurvey.co.uk/id/4000000074795526,Stainforth Force,,,,hydrography,Waterfall,381844,467160,1000,15000,381594,466909,382094,467409,BD24,http://data.ordnancesurvey.co.uk/id/postcodedistrict/BD24,,,,Craven,http://data.ordnancesurvey.co.uk/id/7000000000021698,http://data.ordnancesurvey.co.uk/ontology/admingeo/District,North Yorkshire,http://data.ordnancesurvey.co.uk/id/7000000000022028,http://data.ordnancesurvey.co.uk/ontology/admingeo/County,Yorkshire and the Humber,http://data.ordnancesurvey.co.uk/id/7000000000041430,England,http://data.ordnancesurvey.co.uk/id/country/england,,,
osgb4000000074744550,http://data.ordnancesurvey.co.uk/id/4000000074744550,Glass Moss,,,,landcover,Other Landcover,382589,473371,4000,1300000,382339,473029,382839,473625,BD24,http://data.ordnancesurvey.co.uk/id/postcodedistrict/BD24,,,,Craven,http://data.ordnancesurvey.co.uk/id/7000000000021698,http://data.ordnancesurvey.co.uk/ontology/admingeo/District,North Yorkshire,http://data.ordnancesurvey.co.uk/id/7000000000022028,http://data.ordnancesurvey.co.uk/ontology/admingeo/County,Yorkshire and the Humber,http://data.ordnancesurvey.co.uk/id/7000000000041430,England,http://data.ordnancesurvey.co.uk/id/country/england,,,
osgb4000000074771672,http://data.ordnancesurvey.co.uk/id/4000000074771672,Marble Quarry Hill,,,,landform,Hill Or Mountain,382859,474923,1000,300000,382609,474673,383109,475173,BD24,http://data.ordnancesurvey.co.uk/id/postcodedistrict/BD24,,,,Craven,http://data.ordnancesurvey.co.uk/id/7000000000021698,http://data.ordnancesurvey.co.uk/ontology/admingeo/District,North Yorkshire,http://data.ordnancesurvey.co.uk/id/7000000000022028,http://data.ordnancesurvey.co.uk/ontology/admingeo/County,Yorkshire and the Humber,http://data.ordnancesurvey.co.uk/id/7000000000041430,England,http://data.ordnancesurvey.co.uk/id/country/england,,,
osgb4000000074695050,http://data.ordnancesurvey.co.uk/id/4000000074695050,Field House Wood,,,,landcover,Woodland Or Forest,393676,471206,2000,400000,393426,470910,393926,471410,BD23,http://data.ordnancesurvey.co.uk/id/postcodedistrict/BD23,,,,Craven,http://data.ordnancesurvey.co.uk/id/7000000000021698,http://data.ordnancesurvey.co.uk/ontology/admingeo/District,North Yorkshire,http://data.ordnancesurvey.co.uk/id/7000000000022028,http://data.ordnancesurvey.co.uk/ontology/admingeo/County,Yorkshire and the Humber,http://data.ordnancesurvey.co.uk/id/7000000000041430,England,http://data.ordnancesurvey.co.uk/id/country/england,,,
osgb4000000074739138,http://data.ordnancesurvey.co.uk/id/4000000074739138,Swarth Moor,,,,landcover,Other Landcover,380556,469154,11000,1300000,379554,468484,381171,469824,BD24,http://data.ordnancesurvey.co.uk/id/postcodedistrict/BD24,,,,Craven,http://data.ordnancesurvey.co.uk/id/7000000000021698,http://data.ordnancesurvey.co.uk/ontology/admingeo/District,North Yorkshire,http://data.ordnancesurvey.co.uk/id/7000000000022028,http://data.ordnancesurvey.co.uk/ontology/admingeo/County,Yorkshire and the Humber,http://data.ordnancesurvey.co.uk/id/7000000000041430,England,http://data.ordnancesurvey.co.uk/id/country/england,,,
osgb4000000074678262,http://data.ordnancesurvey.co.uk/id/4000000074678262,Kilnsey Wood,,,,landcover,Woodland Or Forest,397418,466040,1000,400000,397138,465790,397638,466290,BD23,http://data.ordnancesurvey.co.uk/id/postcodedistrict/BD23,,,,Craven,http://data.ordnancesurvey.co.uk/id/7000000000021698,http://data.ordnancesurvey.co.uk/ontology/admingeo/District,North Yorkshire,http://data.ordnancesurvey.co.uk/id/7000000000022028,http://data.ordnancesurvey.co.uk/ontology/admingeo/County,Yorkshire and the Humber,http://data.ordnancesurvey.co.uk/id/7000000000041430,England,http://data.ordnancesurvey.co.uk/id/country/england,,,
osgb4000000074693426,http://data.ordnancesurvey.co.uk/id/4000000074693426,Chester Wood,,,,landcover,Woodland Or Forest,398507,464236,1000,400000,398257,463982,398757,464482,BD23,http://data.ordnancesurvey.co.uk/id/postcodedistrict/BD23,,,,Craven,http://data.ordnancesurvey.co.uk/id/7000000000021698,http://data.ordnancesurvey.co.uk/ontology/admingeo/District,North Yorkshire,http://data.ordnancesurvey.co.uk/id/7000000000022028,http://data.ordnancesurvey.co.uk/ontology/admingeo/County,Yorkshire and the Humber,http://data.ordnancesurvey.co.uk/id/7000000000041430,England,http://data.ordnancesurvey.co.uk/id/country/england,,,
osgb4000000074739140,http://data.ordnancesurvey.co.uk/id/4000000074739140,Combs Thorns,,,,landcover,Other Landcover,380019,469447,5000,1300000,379749,469123,380289,469828,BD24,http://data.ordnancesurvey.co.uk/id/postcodedistrict/BD24,,,,Craven,http://data.ordnancesurvey.co.uk/id/7000000000021698,http://data.ordnancesurvey.co.uk/ontology/admingeo/District,North Yorkshire,http://data.ordnancesurvey.co.uk/id/7000000000022028,http://data.ordnancesurvey.co.uk/ontology/admingeo/County,Yorkshire and the Humber,http://data.ordnancesurvey.co.uk/id/7000000000041430,England,http://data.ordnancesurvey.co.uk/id/country/england,,,
osgb4000000074693440,http://data.ordnancesurvey.co.uk/id/4000000074693440,Cow Close Plantation,,,,landcover,Woodland Or Forest,382659,465087,1000,400000,382391,464838,382891,465338,BD24,http://data.ordnancesurvey.co.uk/id/postcodedistrict/BD24,,,,Craven,http://data.ordnancesurvey.co.uk/id/7000000000021698,http://data.ordnancesurvey.co.uk/ontology/admingeo/District,North Yorkshire,http://data.ordnancesurvey.co.uk/id/7000000000022028,http://data.ordnancesurvey.co.uk/ontology/admingeo/County,Yorkshire and the Humber,http://data.ordnancesurvey.co.uk/id/7000000000041430,England,http://data.ordnancesurvey.co.uk/id/country/england,,,
osgb4000000074739056,http://data.ordnancesurvey.co.uk/id/4000000074739056,Old Cote Little Moor,,,,landcover,Other Landcover,394397,472457,3000,1300000,394134,472207,394634,472707,BD23,http://data.ordnancesurvey.co.uk/id/postcodedistrict/BD23,,,,Craven,http://data.ordnancesurvey.co.uk/id/7000000000021698,http://data.ordnancesurvey.co.uk/ontology/admingeo/District,North Yorkshire,http://data.ordnancesurvey.co.uk/id/7000000000022028,http://data.ordnancesurvey.co.uk/ontology/admingeo/County,Yorkshire and the Humber,http://data.ordnancesurvey.co.uk/id/7000000000041430,England,http://data.ordnancesurvey.co.uk/id/country/england,,,
osgb4000000074764721,http://data.ordnancesurvey.co.uk/id/4000000074764721,Fountains Fell,,,,landform,Hill Or Mountain,384671,470839,1000,300000,384421,470589,384921,471089,BD24,http://data.ordnancesurvey.co.uk/id/postcodedistrict/BD24,,,,Craven,http://data.ordnancesurvey.co.uk/id/7000000000021698,http://data.ordnancesurvey.co.uk/ontology/admingeo/District,North Yorkshire,http://data.ordnancesurvey.co.uk/id/7000000000022028,http://data.ordnancesurvey.co.uk/ontology/admingeo/County,Yorkshire and the Humber,http://data.ordnancesurvey.co.uk/id/7000000000041430,England,http://data.ordnancesurvey.co.uk/id/country/england,,,
osgb4000000074697110,http://data.ordnancesurvey.co.uk/id/4000000074697110,High Whitaker Plantation,,,,landcover,Woodland Or Forest,396594,460673,1000,400000,396345,460429,396845,460929,BD23,http://data.ordnancesurvey.co.uk/id/postcodedistrict/BD23,,,,Craven,http://data.ordnancesurvey.co.uk/id/7000000000021698,http://data.ordnancesurvey.co.uk/ontology/admingeo/District,North Yorkshire,http://data.ordnancesurvey.co.uk/id/7000000000022028,http://data.ordnancesurvey.co.uk/ontology/admingeo/County,Yorkshire and the Humber,http://data.ordnancesurvey.co.uk/id/7000000000041430,England,http://data.ordnancesurvey.co.uk/id/country/england,,,
osgb4000000074739196,http://data.ordnancesurvey.co.uk/id/4000000074739196,Broad Flats,,,,landcover,Other Landcover,390412,464220,4000,1300000,390127,463875,390696,464487,BD23,http://data.ordnancesurvey.co.uk/id/postcodedistrict/BD23,,,,Craven,http://data.ordnancesurvey.co.uk/id/7000000000021698,http://data.ordnancesurvey.co.uk/ontology/admingeo/District,North Yorkshire,http://data.ordnancesurvey.co.uk/id/7000000000022028,http://data.ordnancesurvey.co.uk/ontology/admingeo/County,Yorkshire and the Humber,http://data.ordnancesurvey.co.uk/id/7000000000041430,England,http://data.ordnancesurvey.co.uk/id/country/england,,,
osgb4000000074771053,http://data.ordnancesurvey.co.uk/id/4000000074771053,Turf Hill,,,,landform,Hill Or Mountain,388104,468641,1000,300000,387854,468391,388354,468891,BD24,http://data.ordnancesurvey.co.uk/id/postcodedistrict/BD24,,,,Craven,http://data.ordnancesurvey.co.uk/id/7000000000021698,http://data.ordnancesurvey.co.uk/ontology/admingeo/District,North Yorkshire,http://data.ordnancesurvey.co.uk/id/7000000000022028,http://data.ordnancesurvey.co.uk/ontology/admingeo/County,Yorkshire and the Humber,http://data.ordnancesurvey.co.uk/id/7000000000041430,England,http://data.ordnancesurvey.co.uk/id/country/england,,,
osgb4000000074693420,http://data.ordnancesurvey.co.uk/id/4000000074693420,Hudsa Plantation,,,,landcover,Woodland Or Forest,382695,461906,3000,400000,382362,461656,382862,462156,BD24,http://data.ordnancesurvey.co.uk/id/postcodedistrict/BD24,,,,Craven,http://data.ordnancesurvey.co.uk/id/7000000000021698,http://data.ordnancesurvey.co.uk/ontology/admingeo/District,North Yorkshire,http://data.ordnancesurvey.co.uk/id/7000000000022028,http://data.ordnancesurvey.co.uk/ontology/admingeo/County,Yorkshire and the Humber,http://data.ordnancesurvey.co.uk/id/7000000000041430,England,http://data.ordnancesurvey.co.uk/id/country/england,,,
osgb4000000074594150,http://data.ordnancesurvey.co.uk/id/4000000074594150,New Pasture,,,,landcover,Other Landcover,385172,471194,17000,1300000,383998,469773,386347,472331,BD24,http://data.ordnancesurvey.co.uk/id/postcodedistrict/BD24,,,,Craven,http://data.ordnancesurvey.co.uk/id/7000000000021698,http://data.ordnancesurvey.co.uk/ontology/admingeo/District,North Yorkshire,http://data.ordnancesurvey.co.uk/id/7000000000022028,http://data.ordnancesurvey.co.uk/ontology/admingeo/County,Yorkshire and the Humber,http://data.ordnancesurvey.co.uk/id/7000000000041430,England,http://data.ordnancesurvey.co.uk/id/country/england,,,
osgb4000000074621348,http://data.ordnancesurvey.co.uk/id/4000000074621348,Cave Hill,,,,landform,Hill Or Mountain,380378,477850,1000,300000,380128,477600,380628,478100,BD24,http://data.ordnancesurvey.co.uk/id/postcodedistrict/BD24,,,,Craven,http://data.ordnancesurvey.co.uk/id/7000000000021698,http://data.ordnancesurvey.co.uk/ontology/admingeo/District,North Yorkshire,http://data.ordnancesurvey.co.uk/id/7000000000022028,http://data.ordnancesurvey.co.uk/ontology/admingeo/County,Yorkshire and the Humber,http://data.ordnancesurvey.co.uk/id/7000000000041430,England,http://data.ordnancesurvey.co.uk/id/country/england,,,
osgb4000000074797726,http://data.ordnancesurvey.co.uk/id/4000000074797726,Scaleber Force,,,,hydrography,Waterfall,384080,462552,1000,15000,383830,462302,384330,462802,BD24,http://data.ordnancesurvey.co.uk/id/postcodedistrict/BD24,,,,Craven,http://data.ordnancesurvey.co.uk/id/7000000000021698,http://data.ordnancesurvey.co.uk/ontology/admingeo/District,North Yorkshire,http://data.ordnancesurvey.co.uk/id/7000000000022028,http://data.ordnancesurvey.co.uk/ontology/admingeo/County,Yorkshire and the Humber,http://data.ordnancesurvey.co.uk/id/7000000000041430,England,http://data.ordnancesurvey.co.uk/id/country/england,,,
osgb4000000074771244,http://data.ordnancesurvey.co.uk/id/4000000074771244,Sheriff Hill,,,,landform,Hill Or Mountain,390201,464004,1000,300000,389951,463754,390451,464254,BD23,http://data.ordnancesurvey.co.uk/id/postcodedistrict/BD23,,,,Craven,http://data.ordnancesurvey.co.uk/id/7000000000021698,http://data.ordnancesurvey.co.uk/ontology/admingeo/District,North Yorkshire,http://data.ordnancesurvey.co.uk/id/7000000000022028,http://data.ordnancesurvey.co.uk/ontology/admingeo/County,Yorkshire and the Humber,http://data.ordnancesurvey.co.uk/id/7000000000041430,England,http://data.ordnancesurvey.co.uk/id/country/england,,,
osgb4000000074771055,http://data.ordnancesurvey.co.uk/id/4000000074771055,Comb Hill,,,,landform,Hill Or Mountain,389281,464892,1000,300000,389031,464642,389531,465142,BD23,http://data.ordnancesurvey.co.uk/id/postcodedistrict/BD23,,,,Craven,http://data.ordnancesurvey.co.uk/id/7000000000021698,http://data.ordnancesurvey.co.uk/ontology/admingeo/District,North Yorkshire,http://data.ordnancesurvey.co.uk/id/7000000000022028,http://data.ordnancesurvey.co.uk/ontology/admingeo/County,Yorkshire and the Humber,http://data.ordnancesurvey.co.uk/id/7000000000041430,England,http://data.ordnancesurvey.co.uk/id/country/england,,,
osgb4000000074764652,http://data.ordnancesurvey.co.uk/id/4000000074764652,Haw Hill,,,,landform,Hill Or Mountain,390697,461241,1000,300000,390447,460991,390947,461491,BD23,http://data.ordnancesurvey.co.uk/id/postcodedistrict/BD23,,,,Craven,http://data.ordnancesurvey.co.uk/id/7000000000021698,http://data.ordnancesurvey.co.uk/ontology/admingeo/District,North Yorkshire,http://data.ordnancesurvey.co.uk/id/7000000000022028,http://data.ordnancesurvey.co.uk/ontology/admingeo/County,Yorkshire and the Humber,http://data.ordnancesurvey.co.uk/id/7000000000041430,England,http://data.ordnancesurvey.co.uk/id/country/england,,,
osgb4000000074771177,http://data.ordnancesurvey.co.uk/id/4000000074771177,Pikedaw Hill,,,,landform,Hill Or Mountain,388296,463793,1000,300000,388046,463543,388546,464043,BD23,http://data.ordnancesurvey.co.uk/id/postcodedistrict/BD23,,,,Craven,http://data.ordnancesurvey.co.uk/id/7000000000021698,http://data.ordnancesurvey.co.uk/ontology/admingeo/District,North Yorkshire,http://data.ordnancesurvey.co.uk/id/7000000000022028,http://data.ordnancesurvey.co.uk/ontology/admingeo/County,Yorkshire and the Humber,http://data.ordnancesurvey.co.uk/id/7000000000041430,England,http://data.ordnancesurvey.co.uk/id/country/england,,,
osgb4000000074771238,http://data.ordnancesurvey.co.uk/id/4000000074771238,Jackdaw Hill,,,,landform,Hill Or Mountain,381143,475131,1000,300000,380893,474881,381393,475381,BD24,http://data.ordnancesurvey.co.uk/id/postcodedistrict/BD24,,,,Craven,http://data.ordnancesurvey.co.uk/id/7000000000021698,http://data.ordnancesurvey.co.uk/ontology/admingeo/District,North Yorkshire,http://data.ordnancesurvey.co.uk/id/7000000000022028,http://data.ordnancesurvey.co.uk/ontology/admingeo/County,Yorkshire and the Humber,http://data.ordnancesurvey.co.uk/id/7000000000041430,England,http://data.ordnancesurvey.co.uk/id/country/england,,,
osgb4000000074692231,http://data.ordnancesurvey.co.uk/id/4000000074692231,Smearbeck Wood,,,,landcover,Woodland Or Forest,391712,473603,2000,400000,391462,473331,391962,473831,BD23,http://data.ordnancesurvey.co.uk/id/postcodedistrict/BD23,,,,Craven,http://data.ordnancesurvey.co.uk/id/7000000000021698,http://data.ordnancesurvey.co.uk/ontology/admingeo/District,North Yorkshire,http://data.ordnancesurvey.co.uk/id/7000000000022028,http://data.ordnancesurvey.co.uk/ontology/admingeo/County,Yorkshire and the Humber,http://data.ordnancesurvey.co.uk/id/7000000000041430,England,http://data.ordnancesurvey.co.uk/id/country/england,,,
osgb4000000074692217,http://data.ordnancesurvey.co.uk/id/4000000074692217,Well Field Plantation,,,,landcover,Woodland Or Forest,399347,463077,1000,400000,399111,462827,399611,463327,BD23,http://data.ordnancesurvey.co.uk/id/postcodedistrict/BD23,,,,Craven,http://data.ordnancesurvey.co.uk/id/7000000000021698,http://data.ordnancesurvey.co.uk/ontology/admingeo/District,North Yorkshire,http://data.ordnancesurvey.co.uk/id/7000000000022028,http://data.ordnancesurvey.co.uk/ontology/admingeo/County,Yorkshire and the Humber,http://data.ordnancesurvey.co.uk/id/7000000000041430,England,http://data.ordnancesurvey.co.uk/id/country/england,,,
osgb4000000074771561,http://data.ordnancesurvey.co.uk/id/4000000074771561,Wassa Hill,,,,landform,Hill Or Mountain,398631,468086,1000,300000,398381,467836,398881,468336,BD23,http://data.ordnancesurvey.co.uk/id/postcodedistrict/BD23,,,,Craven,http://data.ordnancesurvey.co.uk/id/7000000000021698,http://data.ordnancesurvey.co.uk/ontology/admingeo/District,North Yorkshire,http://data.ordnancesurvey.co.uk/id/7000000000022028,http://data.ordnancesurvey.co.uk/ontology/admingeo/County,Yorkshire and the Humber,http://data.ordnancesurvey.co.uk/id/7000000000041430,England,http://data.ordnancesurvey.co.uk/id/country/england,,,
osgb4000000074739309,http://data.ordnancesurvey.co.uk/id/4000000074739309,Great Catrigg Pasture,,,,landcover,Other Landcover,384324,467867,9000,800000,383772,467195,384937,468539,BD24,http://data.ordnancesurvey.co.uk/id/postcodedistrict/BD24,,,,Craven,http://data.ordnancesurvey.co.uk/id/7000000000021698,http://data.ordnancesurvey.co.uk/ontology/admingeo/District,North Yorkshire,http://data.ordnancesurvey.co.uk/id/7000000000022028,http://data.ordnancesurvey.co.uk/ontology/admingeo/County,Yorkshire and the Humber,http://data.ordnancesurvey.co.uk/id/7000000000041430,England,http://data.ordnancesurvey.co.uk/id/country/england,,,
osgb4000000074739139,http://data.ordnancesurvey.co.uk/id/4000000074739139,Studfold Moss,,,,landcover,Other Landcover,380737,469892,2000,800000,380487,469638,380987,470138,BD24,http://data.ordnancesurvey.co.uk/id/postcodedistrict/BD24,,,,Craven,http://data.ordnancesurvey.co.uk/id/7000000000021698,http://data.ordnancesurvey.co.uk/ontology/admingeo/District,North Yorkshire,http://data.ordnancesurvey.co.uk/id/7000000000022028,http://data.ordnancesurvey.co.uk/ontology/admingeo/County,Yorkshire and the Humber,http://data.ordnancesurvey.co.uk/id/7000000000041430,England,http://data.ordnancesurvey.co.uk/id/country/england,,,
osgb4000000074740308,http://data.ordnancesurvey.co.uk/id/4000000074740308,Green Hackeber Moss,,,,landcover,Other Landcover,382267,476133,4000,1300000,381932,475883,382587,476383,BD24,http://data.ordnancesurvey.co.uk/id/postcodedistrict/BD24,,,,Craven,http://data.ordnancesurvey.co.uk/id/7000000000021698,http://data.ordnancesurvey.co.uk/ontology/admingeo/District,North Yorkshire,http://data.ordnancesurvey.co.uk/id/7000000000022028,http://data.ordnancesurvey.co.uk/ontology/admingeo/County,Yorkshire and the Humber,http://data.ordnancesurvey.co.uk/id/7000000000041430,England,http://data.ordnancesurvey.co.uk/id/country/england,,,
osgb4000000074621346,http://data.ordnancesurvey.co.uk/id/4000000074621346,Blaydike Moss,,,,landform,Hill Or Mountain,385247,477298,1000,300000,384997,477048,385497,477548,BD23,http://data.ordnancesurvey.co.uk/id/postcodedistrict/BD23,,,,Craven,http://data.ordnancesurvey.co.uk/id/7000000000021698,http://data.ordnancesurvey.co.uk/ontology/admingeo/District,North Yorkshire,http://data.ordnancesurvey.co.uk/id/7000000000022028,http://data.ordnancesurvey.co.uk/ontology/admingeo/County,Yorkshire and the Humber,http://data.ordnancesurvey.co.uk/id/7000000000041430,England,http://data.ordnancesurvey.co.uk/id/country/england,,,
osgb4000000074693020,http://data.ordnancesurvey.co.uk/id/4000000074693020,Black's Plantation,,,,landcover,Woodland Or Forest,383167,462149,5000,400000,382824,461802,383557,462496,BD24,http://data.ordnancesurvey.co.uk/id/postcodedistrict/BD24,,,,Craven,http://data.ordnancesurvey.co.uk/id/7000000000021698,http://data.ordnancesurvey.co.uk/ontology/admingeo/District,North Yorkshire,http://data.ordnancesurvey.co.uk/id/7000000000022028,http://data.ordnancesurvey.co.uk/ontology/admingeo/County,Yorkshire and the Humber,http://data.ordnancesurvey.co.uk/id/7000000000041430,England,http://data.ordnancesurvey.co.uk/id/country/england,,,
osgb4000000074694233,http://data.ordnancesurvey.co.uk/id/4000000074694233,Gill Side Wood,,,,landcover,Woodland Or Forest,397831,473948,2000,400000,397581,473677,398081,474177,BD23,http://data.ordnancesurvey.co.uk/id/postcodedistrict/BD23,,,,Craven,http://data.ordnancesurvey.co.uk/id/7000000000021698,http://data.ordnancesurvey.co.uk/ontology/admingeo/District,North Yorkshire,http://data.ordnancesurvey.co.uk/id/7000000000022028,http://data.ordnancesurvey.co.uk/ontology/admingeo/County,Yorkshire and the Humber,http://data.ordnancesurvey.co.uk/id/7000000000041430,England,http://data.ordnancesurvey.co.uk/id/country/england,,,
osgb4000000074739640,http://data.ordnancesurvey.co.uk/id/4000000074739640,Fears Gill Pasture,,,,landcover,Other Landcover,397380,475170,6000,800000,397130,474713,397630,475640,BD23,http://data.ordnancesurvey.co.uk/id/postcodedistrict/BD23,,,,Craven,http://data.ordnancesurvey.co.uk/id/7000000000021698,http://data.ordnancesurvey.co.uk/ontology/admingeo/District,North Yorkshire,http://data.ordnancesurvey.co.uk/id/7000000000022028,http://data.ordnancesurvey.co.uk/ontology/admingeo/County,Yorkshire and the Humber,http://data.ordnancesurvey.co.uk/id/7000000000041430,England,http://data.ordnancesurvey.co.uk/id/country/england,,,
osgb4000000074738706,http://data.ordnancesurvey.co.uk/id/4000000074738706,Limekiln Pasture,,,,landcover,Other Landcover,384245,470839,5000,800000,383996,470633,384496,471419,BD24,http://data.ordnancesurvey.co.uk/id/postcodedistrict/BD24,,,,Craven,http://data.ordnancesurvey.co.uk/id/7000000000021698,http://data.ordnancesurvey.co.uk/ontology/admingeo/District,North Yorkshire,http://data.ordnancesurvey.co.uk/id/7000000000022028,http://data.ordnancesurvey.co.uk/ontology/admingeo/County,Yorkshire and the Humber,http://data.ordnancesurvey.co.uk/id/7000000000041430,England,http://data.ordnancesurvey.co.uk/id/country/england,,,
osgb4000000074692228,http://data.ordnancesurvey.co.uk/id/4000000074692228,Lings Plantation,,,,landcover,Woodland Or Forest,389863,466421,1000,400000,389616,466171,390116,466671,BD24,http://data.ordnancesurvey.co.uk/id/postcodedistrict/BD24,,,,Craven,http://data.ordnancesurvey.co.uk/id/7000000000021698,http://data.ordnancesurvey.co.uk/ontology/admingeo/District,North Yorkshire,http://data.ordnancesurvey.co.uk/id/7000000000022028,http://data.ordnancesurvey.co.uk/ontology/admingeo/County,Yorkshire and the Humber,http://data.ordnancesurvey.co.uk/id/7000000000041430,England,http://data.ordnancesurvey.co.uk/id/country/england,,,
osgb4000000074743577,http://data.ordnancesurvey.co.uk/id/4000000074743577,Red Moss,,,,landcover,Other Landcover,381750,475638,4000,1300000,381475,475368,382048,475909,BD24,http://data.ordnancesurvey.co.uk/id/postcodedistrict/BD24,,,,Craven,http://data.ordnancesurvey.co.uk/id/7000000000021698,http://data.ordnancesurvey.co.uk/ontology/admingeo/District,North Yorkshire,http://data.ordnancesurvey.co.uk/id/7000000000022028,http://data.ordnancesurvey.co.uk/ontology/admingeo/County,Yorkshire and the Humber,http://data.ordnancesurvey.co.uk/id/7000000000041430,England,http://data.ordnancesurvey.co.uk/id/country/england,,,
osgb4000000074618605,http://data.ordnancesurvey.co.uk/id/4000000074618605,Clapham High Mark,,,,landform,Hill Or Mountain,391723,467633,1000,300000,391473,467383,391973,467883,BD24,http://data.ordnancesurvey.co.uk/id/postcodedistrict/BD24,,,,Craven,http://data.ordnancesurvey.co.uk/id/7000000000021698,http://data.ordnancesurvey.co.uk/ontology/admingeo/District,North Yorkshire,http://data.ordnancesurvey.co.uk/id/7000000000022028,http://data.ordnancesurvey.co.uk/ontology/admingeo/County,Yorkshire and the Humber,http://data.ordnancesurvey.co.uk/id/7000000000041430,England,http://data.ordnancesurvey.co.uk/id/country/england,,,
osgb4000000074727155,http://data.ordnancesurvey.co.uk/id/4000000074727155,Hell Gill,,,,landform,Valley,391358,462732,3000,800000,391110,462482,391610,462982,BD23,http://data.ordnancesurvey.co.uk/id/postcodedistrict/BD23,,,,Craven,http://data.ordnancesurvey.co.uk/id/7000000000021698,http://data.ordnancesurvey.co.uk/ontology/admingeo/District,North Yorkshire,http://data.ordnancesurvey.co.uk/id/7000000000022028,http://data.ordnancesurvey.co.uk/ontology/admingeo/County,Yorkshire and the Humber,http://data.ordnancesurvey.co.uk/id/7000000000041430,England,http://data.ordnancesurvey.co.uk/id/country/england,,,
osgb4000000074693839,http://data.ordnancesurvey.co.uk/id/4000000074693839,Kelcow Wood,,,,landcover,Woodland Or Forest,381056,464483,3000,400000,380807,464214,381307,464731,BD24,http://data.ordnancesurvey.co.uk/id/postcodedistrict/BD24,,,,Craven,http://data.ordnancesurvey.co.uk/id/7000000000021698,http://data.ordnancesurvey.co.uk/ontology/admingeo/District,North Yorkshire,http://data.ordnancesurvey.co.uk/id/7000000000022028,http://data.ordnancesurvey.co.uk/ontology/admingeo/County,Yorkshire and the Humber,http://data.ordnancesurvey.co.uk/id/7000000000041430,England,http://data.ordnancesurvey.co.uk/id/country/england,,,
osgb4000000074691837,http://data.ordnancesurvey.co.uk/id/4000000074691837,White Sike Wood,,,,landcover,Woodland Or Forest,390952,473140,2000,400000,390702,472891,391202,473391,BD23,http://data.ordnancesurvey.co.uk/id/postcodedistrict/BD23,,,,Craven,http://data.ordnancesurvey.co.uk/id/7000000000021698,http://data.ordnancesurvey.co.uk/ontology/admingeo/District,North Yorkshire,http://data.ordnancesurvey.co.uk/id/7000000000022028,http://data.ordnancesurvey.co.uk/ontology/admingeo/County,Yorkshire and the Humber,http://data.ordnancesurvey.co.uk/id/7000000000041430,England,http://data.ordnancesurvey.co.uk/id/country/england,,,
osgb4000000074693017,http://data.ordnancesurvey.co.uk/id/4000000074693017,Mearbeck Wood,,,,landcover,Woodland Or Forest,381730,460826,2000,400000,381481,460582,381981,461082,BD23,http://data.ordnancesurvey.co.uk/id/postcodedistrict/BD23,,,,Craven,http://data.ordnancesurvey.co.uk/id/7000000000021698,http://data.ordnancesurvey.co.uk/ontology/admingeo/District,North Yorkshire,http://data.ordnancesurvey.co.uk/id/7000000000022028,http://data.ordnancesurvey.co.uk/ontology/admingeo/County,Yorkshire and the Humber,http://data.ordnancesurvey.co.uk/id/7000000000041430,England,http://data.ordnancesurvey.co.uk/id/country/england,,,
osgb4000000074739310,http://data.ordnancesurvey.co.uk/id/4000000074739310,Tongue Pasture,,,,landcover,Other Landcover,382918,467923,2000,800000,382713,467673,383213,468173,BD24,http://data.ordnancesurvey.co.uk/id/postcodedistrict/BD24,,,,Craven,http://data.ordnancesurvey.co.uk/id/7000000000021698,http://data.ordnancesurvey.co.uk/ontology/admingeo/District,North Yorkshire,http://data.ordnancesurvey.co.uk/id/7000000000022028,http://data.ordnancesurvey.co.uk/ontology/admingeo/County,Yorkshire and the Humber,http://data.ordnancesurvey.co.uk/id/7000000000041430,England,http://data.ordnancesurvey.co.uk/id/country/england,,,
osgb4000000074738808,http://data.ordnancesurvey.co.uk/id/4000000074738808,Acres,,,,landcover,Other Landcover,387936,462564,7000,800000,387505,462038,388366,463055,BD23,http://data.ordnancesurvey.co.uk/id/postcodedistrict/BD23,,,,Craven,http://data.ordnancesurvey.co.uk/id/7000000000021698,http://data.ordnancesurvey.co.uk/ontology/admingeo/District,North Yorkshire,http://data.ordnancesurvey.co.uk/id/7000000000022028,http://data.ordnancesurvey.co.uk/ontology/admingeo/County,Yorkshire and the Humber,http://data.ordnancesurvey.co.uk/id/7000000000041430,England,http://data.ordnancesurvey.co.uk/id/country/england,,,
osgb4000000074771505,http://data.ordnancesurvey.co.uk/id/4000000074771505,Brown Hackeber Hill,,,,landform,Hill Or Mountain,382435,475938,1000,300000,382185,475688,382685,476188,BD24,http://data.ordnancesurvey.co.uk/id/postcodedistrict/BD24,,,,Craven,http://data.ordnancesurvey.co.uk/id/7000000000021698,http://data.ordnancesurvey.co.uk/ontology/admingeo/District,North Yorkshire,http://data.ordnancesurvey.co.uk/id/7000000000022028,http://data.ordnancesurvey.co.uk/ontology/admingeo/County,Yorkshire and the Humber,http://data.ordnancesurvey.co.uk/id/7000000000041430,England,http://data.ordnancesurvey.co.uk/id/country/england,,,
osgb4000000074693418,http://data.ordnancesurvey.co.uk/id/4000000074693418,Cleatop Wood,,,,landcover,Woodland Or Forest,381610,461178,3000,400000,381361,461024,381861,461524,BD24,http://data.ordnancesurvey.co.uk/id/postcodedistrict/BD24,,,,Craven,http://data.ordnancesurvey.co.uk/id/7000000000021698,http://data.ordnancesurvey.co.uk/ontology/admingeo/District,North Yorkshire,http://data.ordnancesurvey.co.uk/id/7000000000022028,http://data.ordnancesurvey.co.uk/ontology/admingeo/County,Yorkshire and the Humber,http://data.ordnancesurvey.co.uk/id/7000000000041430,England,http://data.ordnancesurvey.co.uk/id/country/england,,,
osgb4000000074771634,http://data.ordnancesurvey.co.uk/id/4000000074771634,Whitber Hill,,,,landform,Hill Or Mountain,381920,474461,1000,300000,381670,474211,382170,474711,BD24,http://data.ordnancesurvey.co.uk/id/postcodedistrict/BD24,,,,Craven,http://data.ordnancesurvey.co.uk/id/7000000000021698,http://data.ordnancesurvey.co.uk/ontology/admingeo/District,North Yorkshire,http://data.ordnancesurvey.co.uk/id/7000000000022028,http://data.ordnancesurvey.co.uk/ontology/admingeo/County,Yorkshire and the Humber,http://data.ordnancesurvey.co.uk/id/7000000000041430,England,http://data.ordnancesurvey.co.uk/id/country/england,,,
osgb4000000074771243,http://data.ordnancesurvey.co.uk/id/4000000074771243,Low Lineseed Head,,,,landform,Other Landform,392898,468732,2000,15000,392625,468482,393125,468982,BD24,http://data.ordnancesurvey.co.uk/id/postcodedistrict/BD24,,,,Craven,http://data.ordnancesurvey.co.uk/id/7000000000021698,http://data.ordnancesurvey.co.uk/ontology/admingeo/District,North Yorkshire,http://data.ordnancesurvey.co.uk/id/7000000000022028,http://data.ordnancesurvey.co.uk/ontology/admingeo/County,Yorkshire and the Humber,http://data.ordnancesurvey.co.uk/id/7000000000041430,England,http://data.ordnancesurvey.co.uk/id/country/england,,,
osgb4000000074743578,http://data.ordnancesurvey.co.uk/id/4000000074743578,Dun Stone Moss,,,,landcover,Other Landcover,382779,476461,10000,1300000,382032,476034,383607,476888,BD24,http://data.ordnancesurvey.co.uk/id/postcodedistrict/BD24,,,,Craven,http://data.ordnancesurvey.co.uk/id/7000000000021698,http://data.ordnancesurvey.co.uk/ontology/admingeo/District,North Yorkshire,http://data.ordnancesurvey.co.uk/id/7000000000022028,http://data.ordnancesurvey.co.uk/ontology/admingeo/County,Yorkshire and the Humber,http://data.ordnancesurvey.co.uk/id/7000000000041430,England,http://data.ordnancesurvey.co.uk/id/country/england,,,
osgb4000000074673070,http://data.ordnancesurvey.co.uk/id/4000000074673070,Rakes Wood,,,,landcover,Woodland Or Forest,394070,477855,4000,400000,393820,477587,394320,478171,BD23,http://data.ordnancesurvey.co.uk/id/postcodedistrict/BD23,,,,Craven,http://data.ordnancesurvey.co.uk/id/7000000000021698,http://data.ordnancesurvey.co.uk/ontology/admingeo/District,North Yorkshire,http://data.ordnancesurvey.co.uk/id/7000000000022028,http://data.ordnancesurvey.co.uk/ontology/admingeo/County,Yorkshire and the Humber,http://data.ordnancesurvey.co.uk/id/7000000000041430,England,http://data.ordnancesurvey.co.uk/id/country/england,,,
osgb4000000074739177,http://data.ordnancesurvey.co.uk/id/4000000074739177,Winterburn Moor,,,,landcover,Other Landcover,393298,461088,6000,800000,392917,460578,393679,461496,BD23,http://data.ordnancesurvey.co.uk/id/postcodedistrict/BD23,,,,Craven,http://data.ordnancesurvey.co.uk/id/7000000000021698,http://data.ordnancesurvey.co.uk/ontology/admingeo/District,North Yorkshire,http://data.ordnancesurvey.co.uk/id/7000000000022028,http://data.ordnancesurvey.co.uk/ontology/admingeo/County,Yorkshire and the Humber,http://data.ordnancesurvey.co.uk/id/7000000000041430,England,http://data.ordnancesurvey.co.uk/id/country/england,,,
osgb4000000074692185,http://data.ordnancesurvey.co.uk/id/4000000074692185,Mires Wood,,,,landcover,Woodland Or Forest,390722,462404,1000,400000,390455,462155,390955,462655,BD23,http://data.ordnancesurvey.co.uk/id/postcodedistrict/BD23,,,,Craven,http://data.ordnancesurvey.co.uk/id/7000000000021698,http://data.ordnancesurvey.co.uk/ontology/admingeo/District,North Yorkshire,http://data.ordnancesurvey.co.uk/id/7000000000022028,http://data.ordnancesurvey.co.uk/ontology/admingeo/County,Yorkshire and the Humber,http://data.ordnancesurvey.co.uk/id/7000000000041430,England,http://data.ordnancesurvey.co.uk/id/country/england,,,
osgb4000000074739192,http://data.ordnancesurvey.co.uk/id/4000000074739192,Old Pasture,,,,landcover,Other Landcover,399212,467275,9000,1300000,398350,466653,399745,467896,BD23,http://data.ordnancesurvey.co.uk/id/postcodedistrict/BD23,,,,Craven,http://data.ordnancesurvey.co.uk/id/7000000000021698,http://data.ordnancesurvey.co.uk/ontology/admingeo/District,North Yorkshire,http://data.ordnancesurvey.co.uk/id/7000000000022028,http://data.ordnancesurvey.co.uk/ontology/admingeo/County,Yorkshire and the Humber,http://data.ordnancesurvey.co.uk/id/7000000000041430,England,http://data.ordnancesurvey.co.uk/id/country/england,,,
osgb4000000074738900,http://data.ordnancesurvey.co.uk/id/4000000074738900,Rough Lands,,,,landcover,Other Landcover,384577,468965,10000,1300000,384000,468335,385154,469815,BD24,http://data.ordnancesurvey.co.uk/id/postcodedistrict/BD24,,,,Craven,http://data.ordnancesurvey.co.uk/id/7000000000021698,http://data.ordnancesurvey.co.uk/ontology/admingeo/District,North Yorkshire,http://data.ordnancesurvey.co.uk/id/7000000000022028,http://data.ordnancesurvey.co.uk/ontology/admingeo/County,Yorkshire and the Humber,http://data.ordnancesurvey.co.uk/id/7000000000041430,England,http://data.ordnancesurvey.co.uk/id/country/england,,,
osgb4000000074791331,http://data.ordnancesurvey.co.uk/id/4000000074791331,Fountains Fell Tarn,,,,hydrography,Inland Water,386876,471252,2000,500000,386625,471003,387125,471503,BD24,http://data.ordnancesurvey.co.uk/id/postcodedistrict/BD24,,,,Craven,http://data.ordnancesurvey.co.uk/id/7000000000021698,http://data.ordnancesurvey.co.uk/ontology/admingeo/District,North Yorkshire,http://data.ordnancesurvey.co.uk/id/7000000000022028,http://data.ordnancesurvey.co.uk/ontology/admingeo/County,Yorkshire and the Humber,http://data.ordnancesurvey.co.uk/id/7000000000041430,England,http://data.ordnancesurvey.co.uk/id/country/england,,,
osgb4000000074693425,http://data.ordnancesurvey.co.uk/id/4000000074693425,Millstone Gill Plantation,,,,landcover,Woodland Or Forest,398192,462631,1000,400000,397920,462381,398420,462881,BD23,http://data.ordnancesurvey.co.uk/id/postcodedistrict/BD23,,,,Craven,http://data.ordnancesurvey.co.uk/id/7000000000021698,http://data.ordnancesurvey.co.uk/ontology/admingeo/District,North Yorkshire,http://data.ordnancesurvey.co.uk/id/7000000000022028,http://data.ordnancesurvey.co.uk/ontology/admingeo/County,Yorkshire and the Humber,http://data.ordnancesurvey.co.uk/id/7000000000041430,England,http://data.ordnancesurvey.co.uk/id/country/england,,,
osgb4000000074693433,http://data.ordnancesurvey.co.uk/id/4000000074693433,Sleets Gill Wood,,,,landcover,Woodland Or Forest,396560,469536,2000,400000,396311,469313,396811,469813,BD23,http://data.ordnancesurvey.co.uk/id/postcodedistrict/BD23,,,,Craven,http://data.ordnancesurvey.co.uk/id/7000000000021698,http://data.ordnancesurvey.co.uk/ontology/admingeo/District,North Yorkshire,http://data.ordnancesurvey.co.uk/id/7000000000022028,http://data.ordnancesurvey.co.uk/ontology/admingeo/County,Yorkshire and the Humber,http://data.ordnancesurvey.co.uk/id/7000000000041430,England,http://data.ordnancesurvey.co.uk/id/country/england,,,
osgb4000000074739002,http://data.ordnancesurvey.co.uk/id/4000000074739002,Hanlith Moor,,,,landcover,Other Landcover,391991,462318,10000,1300000,391441,461728,392542,463208,BD23,http://data.ordnancesurvey.co.uk/id/postcodedistrict/BD23,,,,Craven,http://data.ordnancesurvey.co.uk/id/7000000000021698,http://data.ordnancesurvey.co.uk/ontology/admingeo/District,North Yorkshire,http://data.ordnancesurvey.co.uk/id/7000000000022028,http://data.ordnancesurvey.co.uk/ontology/admingeo/County,Yorkshire and the Humber,http://data.ordnancesurvey.co.uk/id/7000000000041430,England,http://data.ordnancesurvey.co.uk/id/country/england,,,
osgb4000000074739092,http://data.ordnancesurvey.co.uk/id/4000000074739092,Little Catrigg Pasture,,,,landcover,Other Landcover,383983,468388,4000,1300000,383710,468076,384256,468649,BD24,http://data.ordnancesurvey.co.uk/id/postcodedistrict/BD24,,,,Craven,http://data.ordnancesurvey.co.uk/id/7000000000021698,http://data.ordnancesurvey.co.uk/ontology/admingeo/District,North Yorkshire,http://data.ordnancesurvey.co.uk/id/7000000000022028,http://data.ordnancesurvey.co.uk/ontology/admingeo/County,Yorkshire and the Humber,http://data.ordnancesurvey.co.uk/id/7000000000041430,England,http://data.ordnancesurvey.co.uk/id/country/england,,,
osgb4000000074739386,http://data.ordnancesurvey.co.uk/id/4000000074739386,Green Haw Moor,,,,landcover,Woodland Or Forest,382203,477906,7000,400000,381702,477406,382769,478406,BD23,http://data.ordnancesurvey.co.uk/id/postcodedistrict/BD23,,,,Craven,http://data.ordnancesurvey.co.uk/id/7000000000021698,http://data.ordnancesurvey.co.uk/ontology/admingeo/District,North Yorkshire,http://data.ordnancesurvey.co.uk/id/7000000000022028,http://data.ordnancesurvey.co.uk/ontology/admingeo/County,Yorkshire and the Humber,http://data.ordnancesurvey.co.uk/id/7000000000041430,England,http://data.ordnancesurvey.co.uk/id/country/england,,,
osgb4000000074743487,http://data.ordnancesurvey.co.uk/id/4000000074743487,Whitber Pasture,,,,landcover,Other Landcover,381438,473551,7000,1300000,381096,472907,381781,474056,BD24,http://data.ordnancesurvey.co.uk/id/postcodedistrict/BD24,,,,Craven,http://data.ordnancesurvey.co.uk/id/7000000000021698,http://data.ordnancesurvey.co.uk/ontology/admingeo/District,North Yorkshire,http://data.ordnancesurvey.co.uk/id/7000000000022028,http://data.ordnancesurvey.co.uk/ontology/admingeo/County,Yorkshire and the Humber,http://data.ordnancesurvey.co.uk/id/7000000000041430,England,http://data.ordnancesurvey.co.uk/id/country/england,,,
osgb4000000074744452,http://data.ordnancesurvey.co.uk/id/4000000074744452,Bark Wood,,,,landcover,Other Landcover,391214,460679,1000,1300000,390964,460427,391464,460927,BD23,http://data.ordnancesurvey.co.uk/id/postcodedistrict/BD23,,,,Craven,http://data.ordnancesurvey.co.uk/id/7000000000021698,http://data.ordnancesurvey.co.uk/ontology/admingeo/District,North Yorkshire,http://data.ordnancesurvey.co.uk/id/7000000000022028,http://data.ordnancesurvey.co.uk/ontology/admingeo/County,Yorkshire and the Humber,http://data.ordnancesurvey.co.uk/id/7000000000041430,England,http://data.ordnancesurvey.co.uk/id/country/england,,,
osgb4000000074770887,http://data.ordnancesurvey.co.uk/id/4000000074770887,Balmber Hill,,,,landform,Hill Or Mountain,389118,461426,1000,300000,388868,461176,389368,461676,BD23,http://data.ordnancesurvey.co.uk/id/postcodedistrict/BD23,,,,Craven,http://data.ordnancesurvey.co.uk/id/7000000000021698,http://data.ordnancesurvey.co.uk/ontology/admingeo/District,North Yorkshire,http://data.ordnancesurvey.co.uk/id/7000000000022028,http://data.ordnancesurvey.co.uk/ontology/admingeo/County,Yorkshire and the Humber,http://data.ordnancesurvey.co.uk/id/7000000000041430,England,http://data.ordnancesurvey.co.uk/id/country/england,,,
osgb4000000074697937,http://data.ordnancesurvey.co.uk/id/4000000074697937,Victorias Spinney,,,,landcover,Woodland Or Forest,393810,460757,2000,400000,393548,460507,394048,461007,BD23,http://data.ordnancesurvey.co.uk/id/postcodedistrict/BD23,,,,Craven,http://data.ordnancesurvey.co.uk/id/7000000000021698,http://data.ordnancesurvey.co.uk/ontology/admingeo/District,North Yorkshire,http://data.ordnancesurvey.co.uk/id/7000000000022028,http://data.ordnancesurvey.co.uk/ontology/admingeo/County,Yorkshire and the Humber,http://data.ordnancesurvey.co.uk/id/7000000000041430,England,http://data.ordnancesurvey.co.uk/id/country/england,,,
osgb4000000074696697,http://data.ordnancesurvey.co.uk/id/4000000074696697,Swinden End Plantation,,,,landcover,Woodland Or Forest,398431,461861,1000,400000,398181,461631,398681,462131,BD23,http://data.ordnancesurvey.co.uk/id/postcodedistrict/BD23,,,,Craven,http://data.ordnancesurvey.co.uk/id/7000000000021698,http://data.ordnancesurvey.co.uk/ontology/admingeo/District,North Yorkshire,http://data.ordnancesurvey.co.uk/id/7000000000022028,http://data.ordnancesurvey.co.uk/ontology/admingeo/County,Yorkshire and the Humber,http://data.ordnancesurvey.co.uk/id/7000000000041430,England,http://data.ordnancesurvey.co.uk/id/country/england,,,
osgb4000000074743505,http://data.ordnancesurvey.co.uk/id/4000000074743505,Starbotton Peat Ground,,,,landcover,Other Landcover,397074,475814,7000,1300000,396535,475289,397665,476339,BD23,http://data.ordnancesurvey.co.uk/id/postcodedistrict/BD23,,,,Craven,http://data.ordnancesurvey.co.uk/id/7000000000021698,http://data.ordnancesurvey.co.uk/ontology/admingeo/District,North Yorkshire,http://data.ordnancesurvey.co.uk/id/7000000000022028,http://data.ordnancesurvey.co.uk/ontology/admingeo/County,Yorkshire and the Humber,http://data.ordnancesurvey.co.uk/id/7000000000041430,England,http://data.ordnancesurvey.co.uk/id/country/england,,,
osgb4000000074791124,http://data.ordnancesurvey.co.uk/id/4000000074791124,Winterburn Reservoir,,,,hydrography,Inland Water,394520,460361,7000,500000,394263,460111,394778,461245,BD23,http://data.ordnancesurvey.co.uk/id/postcodedistrict/BD23,,,,Craven,http://data.ordnancesurvey.co.uk/id/7000000000021698,http://data.ordnancesurvey.co.uk/ontology/admingeo/District,North Yorkshire,http://data.ordnancesurvey.co.uk/id/7000000000022028,http://data.ordnancesurvey.co.uk/ontology/admingeo/County,Yorkshire and the Humber,http://data.ordnancesurvey.co.uk/id/7000000000041430,England,http://data.ordnancesurvey.co.uk/id/country/england,,,
osgb4000000074727154,http://data.ordnancesurvey.co.uk/id/4000000074727154,Granny Gill,,,,landform,Valley,390423,462069,2000,800000,390158,461819,390658,462319,BD23,http://data.ordnancesurvey.co.uk/id/postcodedistrict/BD23,,,,Craven,http://data.ordnancesurvey.co.uk/id/7000000000021698,http://data.ordnancesurvey.co.uk/ontology/admingeo/District,North Yorkshire,http://data.ordnancesurvey.co.uk/id/7000000000022028,http://data.ordnancesurvey.co.uk/ontology/admingeo/County,Yorkshire and the Humber,http://data.ordnancesurvey.co.uk/id/7000000000041430,England,http://data.ordnancesurvey.co.uk/id/country/england,,,
osgb4000000074620573,http://data.ordnancesurvey.co.uk/id/4000000074620573,Firth Fell,,Haw Fell,eng,landform,Hill Or Mountain,392594,474835,1000,300000,392344,474585,392844,475085,BD23,http://data.ordnancesurvey.co.uk/id/postcodedistrict/BD23,,,,Craven,http://data.ordnancesurvey.co.uk/id/7000000000021698,http://data.ordnancesurvey.co.uk/ontology/admingeo/District,North Yorkshire,http://data.ordnancesurvey.co.uk/id/7000000000022028,http://data.ordnancesurvey.co.uk/ontology/admingeo/County,Yorkshire and the Humber,http://data.ordnancesurvey.co.uk/id/7000000000041430,England,http://data.ordnancesurvey.co.uk/id/country/england,,,
osgb4000000074771588,http://data.ordnancesurvey.co.uk/id/4000000074771588,Low High Hill,,,,landform,Hill Or Mountain,382453,463662,1000,300000,382203,463412,382703,463912,BD24,http://data.ordnancesurvey.co.uk/id/postcodedistrict/BD24,,,,Craven,http://data.ordnancesurvey.co.uk/id/7000000000021698,http://data.ordnancesurvey.co.uk/ontology/admingeo/District,North Yorkshire,http://data.ordnancesurvey.co.uk/id/7000000000022028,http://data.ordnancesurvey.co.uk/ontology/admingeo/County,Yorkshire and the Humber,http://data.ordnancesurvey.co.uk/id/7000000000041430,England,http://data.ordnancesurvey.co.uk/id/country/england,,,
osgb4000000074771559,http://data.ordnancesurvey.co.uk/id/4000000074771559,Middle High Hill,,,,landform,Hill Or Mountain,382671,463766,1000,300000,382421,463516,382921,464016,BD24,http://data.ordnancesurvey.co.uk/id/postcodedistrict/BD24,,,,Craven,http://data.ordnancesurvey.co.uk/id/7000000000021698,http://data.ordnancesurvey.co.uk/ontology/admingeo/District,North Yorkshire,http://data.ordnancesurvey.co.uk/id/7000000000022028,http://data.ordnancesurvey.co.uk/ontology/admingeo/County,Yorkshire and the Humber,http://data.ordnancesurvey.co.uk/id/7000000000041430,England,http://data.ordnancesurvey.co.uk/id/country/england,,,
osgb4000000074812845,http://data.ordnancesurvey.co.uk/id/4000000074812845,Cleatop Park,,,,landcover,Other Landcover,381977,461213,4000,800000,381727,460971,382227,461541,BD24,http://data.ordnancesurvey.co.uk/id/postcodedistrict/BD24,,,,Craven,http://data.ordnancesurvey.co.uk/id/7000000000021698,http://data.ordnancesurvey.co.uk/ontology/admingeo/District,North Yorkshire,http://data.ordnancesurvey.co.uk/id/7000000000022028,http://data.ordnancesurvey.co.uk/ontology/admingeo/County,Yorkshire and the Humber,http://data.ordnancesurvey.co.uk/id/7000000000041430,England,http://data.ordnancesurvey.co.uk/id/country/england,,,
osgb4000000074693421,http://data.ordnancesurvey.co.uk/id/4000000074693421,Cowpasture Plantation,,,,landcover,Woodland Or Forest,382515,462278,2000,400000,382266,461952,382766,462452,BD24,http://data.ordnancesurvey.co.uk/id/postcodedistrict/BD24,,,,Craven,http://data.ordnancesurvey.co.uk/id/7000000000021698,http://data.ordnancesurvey.co.uk/ontology/admingeo/District,North Yorkshire,http://data.ordnancesurvey.co.uk/id/7000000000022028,http://data.ordnancesurvey.co.uk/ontology/admingeo/County,Yorkshire and the Humber,http://data.ordnancesurvey.co.uk/id/7000000000041430,England,http://data.ordnancesurvey.co.uk/id/country/england,,,
osgb4000000074691790,http://data.ordnancesurvey.co.uk/id/4000000074691790,Jeans Plantation,,,,landcover,Woodland Or Forest,393139,460320,4000,400000,392890,459836,393390,460526,BD23,http://data.ordnancesurvey.co.uk/id/postcodedistrict/BD23,,,,Craven,http://data.ordnancesurvey.co.uk/id/7000000000021698,http://data.ordnancesurvey.co.uk/ontology/admingeo/District,North Yorkshire,http://data.ordnancesurvey.co.uk/id/7000000000022028,http://data.ordnancesurvey.co.uk/ontology/admingeo/County,Yorkshire and the Humber,http://data.ordnancesurvey.co.uk/id/7000000000041430,England,http://data.ordnancesurvey.co.uk/id/country/england,,,
osgb4000000074740101,http://data.ordnancesurvey.co.uk/id/4000000074740101,Great Pasture,,,,landcover,Other Landcover,387446,477502,9000,1300000,386933,476819,388341,478185,BD23,http://data.ordnancesurvey.co.uk/id/postcodedistrict/BD23,,,,Craven,http://data.ordnancesurvey.co.uk/id/7000000000021698,http://data.ordnancesurvey.co.uk/ontology/admingeo/District,North Yorkshire,http://data.ordnancesurvey.co.uk/id/7000000000022028,http://data.ordnancesurvey.co.uk/ontology/admingeo/County,Yorkshire and the Humber,http://data.ordnancesurvey.co.uk/id/7000000000041430,England,http://data.ordnancesurvey.co.uk/id/country/england,,,
osgb4000000074764820,http://data.ordnancesurvey.co.uk/id/4000000074764820,Middle House Hill,,,,landform,Hill Or Mountain,390715,469082,1000,300000,390465,468832,390965,469332,BD24,http://data.ordnancesurvey.co.uk/id/postcodedistrict/BD24,,,,Craven,http://data.ordnancesurvey.co.uk/id/7000000000021698,http://data.ordnancesurvey.co.uk/ontology/admingeo/District,North Yorkshire,http://data.ordnancesurvey.co.uk/id/7000000000022028,http://data.ordnancesurvey.co.uk/ontology/admingeo/County,Yorkshire and the Humber,http://data.ordnancesurvey.co.uk/id/7000000000041430,England,http://data.ordnancesurvey.co.uk/id/country/england,,,
osgb4000000074697518,http://data.ordnancesurvey.co.uk/id/4000000074697518,West Plantation,,,,landcover,Woodland Or Forest,395874,460546,2000,400000,395625,460345,396125,460845,BD23,http://data.ordnancesurvey.co.uk/id/postcodedistrict/BD23,,,,Craven,http://data.ordnancesurvey.co.uk/id/7000000000021698,http://data.ordnancesurvey.co.uk/ontology/admingeo/District,North Yorkshire,http://data.ordnancesurvey.co.uk/id/7000000000022028,http://data.ordnancesurvey.co.uk/ontology/admingeo/County,Yorkshire and the Humber,http://data.ordnancesurvey.co.uk/id/7000000000041430,England,http://data.ordnancesurvey.co.uk/id/country/england,,,
osgb4000000074692219,http://data.ordnancesurvey.co.uk/id/4000000074692219,Rakes Plantation,,,,landcover,Woodland Or Forest,399149,462696,1000,400000,398899,462446,399399,462946,BD23,http://data.ordnancesurvey.co.uk/id/postcodedistrict/BD23,,,,Craven,http://data.ordnancesurvey.co.uk/id/7000000000021698,http://data.ordnancesurvey.co.uk/ontology/admingeo/District,North Yorkshire,http://data.ordnancesurvey.co.uk/id/7000000000022028,http://data.ordnancesurvey.co.uk/ontology/admingeo/County,Yorkshire and the Humber,http://data.ordnancesurvey.co.uk/id/7000000000041430,England,http://data.ordnancesurvey.co.uk/id/country/england,,,
osgb4000000074623726,http://data.ordnancesurvey.co.uk/id/4000000074623726,Horse Head Moor,,,,landform,Hill Or Mountain,389389,476830,1000,300000,389139,476580,389639,477080,BD23,http://data.ordnancesurvey.co.uk/id/postcodedistrict/BD23,,,,Craven,http://data.ordnancesurvey.co.uk/id/7000000000021698,http://data.ordnancesurvey.co.uk/ontology/admingeo/District,North Yorkshire,http://data.ordnancesurvey.co.uk/id/7000000000022028,http://data.ordnancesurvey.co.uk/ontology/admingeo/County,Yorkshire and the Humber,http://data.ordnancesurvey.co.uk/id/7000000000041430,England,http://data.ordnancesurvey.co.uk/id/country/england,,,
osgb4000000074693842,http://data.ordnancesurvey.co.uk/id/4000000074693842,Riseber Wood,,,,landcover,Woodland Or Forest,381070,466952,2000,400000,380820,466674,381320,467174,BD24,http://data.ordnancesurvey.co.uk/id/postcodedistrict/BD24,,,,Craven,http://data.ordnancesurvey.co.uk/id/7000000000021698,http://data.ordnancesurvey.co.uk/ontology/admingeo/District,North Yorkshire,http://data.ordnancesurvey.co.uk/id/7000000000022028,http://data.ordnancesurvey.co.uk/ontology/admingeo/County,Yorkshire and the Humber,http://data.ordnancesurvey.co.uk/id/7000000000041430,England,http://data.ordnancesurvey.co.uk/id/country/england,,,
osgb4000000074618996,http://data.ordnancesurvey.co.uk/id/4000000074618996,Knowe Fell,,,,landform,Hill Or Mountain,386629,468550,1000,300000,386379,468300,386879,468800,BD24,http://data.ordnancesurvey.co.uk/id/postcodedistrict/BD24,,,,Craven,http://data.ordnancesurvey.co.uk/id/7000000000021698,http://data.ordnancesurvey.co.uk/ontology/admingeo/District,North Yorkshire,http://data.ordnancesurvey.co.uk/id/7000000000022028,http://data.ordnancesurvey.co.uk/ontology/admingeo/County,Yorkshire and the Humber,http://data.ordnancesurvey.co.uk/id/7000000000041430,England,http://data.ordnancesurvey.co.uk/id/country/england,,,
osgb4000000074691832,http://data.ordnancesurvey.co.uk/id/4000000074691832,Cackle Rash Wood,,,,landcover,Woodland Or Forest,393712,472148,1000,400000,393468,471898,393968,472398,BD23,http://data.ordnancesurvey.co.uk/id/postcodedistrict/BD23,,,,Craven,http://data.ordnancesurvey.co.uk/id/7000000000021698,http://data.ordnancesurvey.co.uk/ontology/admingeo/District,North Yorkshire,http://data.ordnancesurvey.co.uk/id/7000000000022028,http://data.ordnancesurvey.co.uk/ontology/admingeo/County,Yorkshire and the Humber,http://data.ordnancesurvey.co.uk/id/7000000000041430,England,http://data.ordnancesurvey.co.uk/id/country/england,,,
osgb4000000074810063,http://data.ordnancesurvey.co.uk/id/4000000074810063,Malham Water,,,,hydrography,Inland Water,389309,465943,2000,500000,389059,465749,389559,466249,BD24,http://data.ordnancesurvey.co.uk/id/postcodedistrict/BD24,,,,Craven,http://data.ordnancesurvey.co.uk/id/7000000000021698,http://data.ordnancesurvey.co.uk/ontology/admingeo/District,North Yorkshire,http://data.ordnancesurvey.co.uk/id/7000000000022028,http://data.ordnancesurvey.co.uk/ontology/admingeo/County,Yorkshire and the Humber,http://data.ordnancesurvey.co.uk/id/7000000000041430,England,http://data.ordnancesurvey.co.uk/id/country/england,,,
osgb4000000074694630,http://data.ordnancesurvey.co.uk/id/4000000074694630,Spring Wood,,,,landcover,Woodland Or Forest,380068,460785,1000,400000,379818,460510,380318,461010,BD24,http://data.ordnancesurvey.co.uk/id/postcodedistrict/BD24,,,,Craven,http://data.ordnancesurvey.co.uk/id/7000000000021698,http://data.ordnancesurvey.co.uk/ontology/admingeo/District,North Yorkshire,http://data.ordnancesurvey.co.uk/id/7000000000022028,http://data.ordnancesurvey.co.uk/ontology/admingeo/County,Yorkshire and the Humber,http://data.ordnancesurvey.co.uk/id/7000000000041430,England,http://data.ordnancesurvey.co.uk/id/country/england,,,
osgb4000000074743485,http://data.ordnancesurvey.co.uk/id/4000000074743485,Cow Pasture,,,,landcover,Other Landcover,388465,466339,4000,800000,388157,466075,388804,466602,BD24,http://data.ordnancesurvey.co.uk/id/postcodedistrict/BD24,,,,Craven,http://data.ordnancesurvey.co.uk/id/7000000000021698,http://data.ordnancesurvey.co.uk/ontology/admingeo/District,North Yorkshire,http://data.ordnancesurvey.co.uk/id/7000000000022028,http://data.ordnancesurvey.co.uk/ontology/admingeo/County,Yorkshire and the Humber,http://data.ordnancesurvey.co.uk/id/7000000000041430,England,http://data.ordnancesurvey.co.uk/id/country/england,,,
osgb4000000074771003,http://data.ordnancesurvey.co.uk/id/4000000074771003,Little Moor Head,,,,landform,Other Landform,383010,469113,3000,15000,382740,468863,383240,469363,BD24,http://data.ordnancesurvey.co.uk/id/postcodedistrict/BD24,,,,Craven,http://data.ordnancesurvey.co.uk/id/7000000000021698,http://data.ordnancesurvey.co.uk/ontology/admingeo/District,North Yorkshire,http://data.ordnancesurvey.co.uk/id/7000000000022028,http://data.ordnancesurvey.co.uk/ontology/admingeo/County,Yorkshire and the Humber,http://data.ordnancesurvey.co.uk/id/7000000000041430,England,http://data.ordnancesurvey.co.uk/id/country/england,,,
osgb4000000074739193,http://data.ordnancesurvey.co.uk/id/4000000074739193,Holgates Kilnsey Moor,,,,landcover,Other Landcover,395101,466292,13000,1300000,394417,465579,396485,467006,BD23,http://data.ordnancesurvey.co.uk/id/postcodedistrict/BD23,,,,Craven,http://data.ordnancesurvey.co.uk/id/7000000000021698,http://data.ordnancesurvey.co.uk/ontology/admingeo/District,North Yorkshire,http://data.ordnancesurvey.co.uk/id/7000000000022028,http://data.ordnancesurvey.co.uk/ontology/admingeo/County,Yorkshire and the Humber,http://data.ordnancesurvey.co.uk/id/7000000000041430,England,http://data.ordnancesurvey.co.uk/id/country/england,,,
osgb4000000074694639,http://data.ordnancesurvey.co.uk/id/4000000074694639,Cross Wood,,,,landcover,Woodland Or Forest,396206,473471,2000,400000,396025,473221,396525,473721,BD23,http://data.ordnancesurvey.co.uk/id/postcodedistrict/BD23,,,,Craven,http://data.ordnancesurvey.co.uk/id/7000000000021698,http://data.ordnancesurvey.co.uk/ontology/admingeo/District,North Yorkshire,http://data.ordnancesurvey.co.uk/id/7000000000022028,http://data.ordnancesurvey.co.uk/ontology/admingeo/County,Yorkshire and the Humber,http://data.ordnancesurvey.co.uk/id/7000000000041430,England,http://data.ordnancesurvey.co.uk/id/country/england,,,
osgb4000000074693037,http://data.ordnancesurvey.co.uk/id/4000000074693037,Clay Pits Plantation,,,,landcover,Woodland Or Forest,382986,465105,2000,400000,382737,464828,383237,465328,BD24,http://data.ordnancesurvey.co.uk/id/postcodedistrict/BD24,,,,Craven,http://data.ordnancesurvey.co.uk/id/7000000000021698,http://data.ordnancesurvey.co.uk/ontology/admingeo/District,North Yorkshire,http://data.ordnancesurvey.co.uk/id/7000000000022028,http://data.ordnancesurvey.co.uk/ontology/admingeo/County,Yorkshire and the Humber,http://data.ordnancesurvey.co.uk/id/7000000000041430,England,http://data.ordnancesurvey.co.uk/id/country/england,,,
osgb4000000074771403,http://data.ordnancesurvey.co.uk/id/4000000074771403,Hetton Common Head,,,,landform,Other Landform,392841,462674,3000,15000,392591,462436,393091,462936,BD23,http://data.ordnancesurvey.co.uk/id/postcodedistrict/BD23,,,,Craven,http://data.ordnancesurvey.co.uk/id/7000000000021698,http://data.ordnancesurvey.co.uk/ontology/admingeo/District,North Yorkshire,http://data.ordnancesurvey.co.uk/id/7000000000022028,http://data.ordnancesurvey.co.uk/ontology/admingeo/County,Yorkshire and the Humber,http://data.ordnancesurvey.co.uk/id/7000000000041430,England,http://data.ordnancesurvey.co.uk/id/country/england,,,
osgb4000000074739300,http://data.ordnancesurvey.co.uk/id/4000000074739300,Little Scoska Moor,,,,landcover,Other Landcover,390812,472583,10000,1300000,389814,472219,391303,472948,BD23,http://data.ordnancesurvey.co.uk/id/postcodedistrict/BD23,,,,Craven,http://data.ordnancesurvey.co.uk/id/7000000000021698,http://data.ordnancesurvey.co.uk/ontology/admingeo/District,North Yorkshire,http://data.ordnancesurvey.co.uk/id/7000000000022028,http://data.ordnancesurvey.co.uk/ontology/admingeo/County,Yorkshire and the Humber,http://data.ordnancesurvey.co.uk/id/7000000000041430,England,http://data.ordnancesurvey.co.uk/id/country/england,,,
osgb4000000074692634,http://data.ordnancesurvey.co.uk/id/4000000074692634,Springs Wood,,,,landcover,Woodland Or Forest,389289,474799,2000,400000,389039,474507,389539,475007,BD23,http://data.ordnancesurvey.co.uk/id/postcodedistrict/BD23,,,,Craven,http://data.ordnancesurvey.co.uk/id/7000000000021698,http://data.ordnancesurvey.co.uk/ontology/admingeo/District,North Yorkshire,http://data.ordnancesurvey.co.uk/id/7000000000022028,http://data.ordnancesurvey.co.uk/ontology/admingeo/County,Yorkshire and the Humber,http://data.ordnancesurvey.co.uk/id/7000000000041430,England,http://data.ordnancesurvey.co.uk/id/country/england,,,
osgb4000000074739238,http://data.ordnancesurvey.co.uk/id/4000000074739238,High Cote Moor,,,,landcover,Other Landcover,392873,469273,6000,1300000,392373,468873,393347,469673,BD23,http://data.ordnancesurvey.co.uk/id/postcodedistrict/BD23,,,,Craven,http://data.ordnancesurvey.co.uk/id/7000000000021698,http://data.ordnancesurvey.co.uk/ontology/admingeo/District,North Yorkshire,http://data.ordnancesurvey.co.uk/id/7000000000022028,http://data.ordnancesurvey.co.uk/ontology/admingeo/County,Yorkshire and the Humber,http://data.ordnancesurvey.co.uk/id/7000000000041430,England,http://data.ordnancesurvey.co.uk/id/country/england,,,
osgb4000000074738858,http://data.ordnancesurvey.co.uk/id/4000000074738858,Wibbertons Fields,,,,landcover,Other Landcover,395343,473656,4000,800000,395052,473354,395633,473983,BD23,http://data.ordnancesurvey.co.uk/id/postcodedistrict/BD23,,,,Craven,http://data.ordnancesurvey.co.uk/id/7000000000021698,http://data.ordnancesurvey.co.uk/ontology/admingeo/District,North Yorkshire,http://data.ordnancesurvey.co.uk/id/7000000000022028,http://data.ordnancesurvey.co.uk/ontology/admingeo/County,Yorkshire and the Humber,http://data.ordnancesurvey.co.uk/id/7000000000041430,England,http://data.ordnancesurvey.co.uk/id/country/england,,,
osgb4000000074618994,http://data.ordnancesurvey.co.uk/id/4000000074618994,Sugar Loaf Hill,,,,landform,Hill Or Mountain,383736,463686,1000,300000,383486,463436,383986,463936,BD24,http://data.ordnancesurvey.co.uk/id/postcodedistrict/BD24,,,,Craven,http://data.ordnancesurvey.co.uk/id/7000000000021698,http://data.ordnancesurvey.co.uk/ontology/admingeo/District,North Yorkshire,http://data.ordnancesurvey.co.uk/id/7000000000022028,http://data.ordnancesurvey.co.uk/ontology/admingeo/County,Yorkshire and the Humber,http://data.ordnancesurvey.co.uk/id/7000000000041430,England,http://data.ordnancesurvey.co.uk/id/country/england,,,
osgb4000000074692617,http://data.ordnancesurvey.co.uk/id/4000000074692617,Parks Plantation,,,,landcover,Woodland Or Forest,382025,460650,1000,400000,381775,460379,382275,460879,BD23,http://data.ordnancesurvey.co.uk/id/postcodedistrict/BD23,,,,Craven,http://data.ordnancesurvey.co.uk/id/7000000000021698,http://data.ordnancesurvey.co.uk/ontology/admingeo/District,North Yorkshire,http://data.ordnancesurvey.co.uk/id/7000000000022028,http://data.ordnancesurvey.co.uk/ontology/admingeo/County,Yorkshire and the Humber,http://data.ordnancesurvey.co.uk/id/7000000000041430,England,http://data.ordnancesurvey.co.uk/id/country/england,,,
osgb4000000074743576,http://data.ordnancesurvey.co.uk/id/4000000074743576,Black Dub Moss,,,,landcover,Other Landcover,381760,475371,4000,1300000,381499,475064,382099,475679,BD24,http://data.ordnancesurvey.co.uk/id/postcodedistrict/BD24,,,,Craven,http://data.ordnancesurvey.co.uk/id/7000000000021698,http://data.ordnancesurvey.co.uk/ontology/admingeo/District,North Yorkshire,http://data.ordnancesurvey.co.uk/id/7000000000022028,http://data.ordnancesurvey.co.uk/ontology/admingeo/County,Yorkshire and the Humber,http://data.ordnancesurvey.co.uk/id/7000000000041430,England,http://data.ordnancesurvey.co.uk/id/country/england,,,
osgb4000000074771591,http://data.ordnancesurvey.co.uk/id/4000000074771591,Haw Hill,,,,landform,Hill Or Mountain,397401,466038,1000,300000,397151,465788,397651,466288,BD23,http://data.ordnancesurvey.co.uk/id/postcodedistrict/BD23,,,,Craven,http://data.ordnancesurvey.co.uk/id/7000000000021698,http://data.ordnancesurvey.co.uk/ontology/admingeo/District,North Yorkshire,http://data.ordnancesurvey.co.uk/id/7000000000022028,http://data.ordnancesurvey.co.uk/ontology/admingeo/County,Yorkshire and the Humber,http://data.ordnancesurvey.co.uk/id/7000000000041430,England,http://data.ordnancesurvey.co.uk/id/country/england,,,
osgb4000000074771356,http://data.ordnancesurvey.co.uk/id/4000000074771356,Cam Head,,,,landform,Other Landform,396810,474932,3000,15000,396560,474712,397060,475212,BD23,http://data.ordnancesurvey.co.uk/id/postcodedistrict/BD23,,,,Craven,http://data.ordnancesurvey.co.uk/id/7000000000021698,http://data.ordnancesurvey.co.uk/ontology/admingeo/District,North Yorkshire,http://data.ordnancesurvey.co.uk/id/7000000000022028,http://data.ordnancesurvey.co.uk/ontology/admingeo/County,Yorkshire and the Humber,http://data.ordnancesurvey.co.uk/id/7000000000041430,England,http://data.ordnancesurvey.co.uk/id/country/england,,,
osgb4000000074771675,http://data.ordnancesurvey.co.uk/id/4000000074771675,Spiggot Hill,,,,landform,Hill Or Mountain,388794,466755,1000,300000,388544,466505,389044,467005,BD24,http://data.ordnancesurvey.co.uk/id/postcodedistrict/BD24,,,,Craven,http://data.ordnancesurvey.co.uk/id/7000000000021698,http://data.ordnancesurvey.co.uk/ontology/admingeo/District,North Yorkshire,http://data.ordnancesurvey.co.uk/id/7000000000022028,http://data.ordnancesurvey.co.uk/ontology/admingeo/County,Yorkshire and the Humber,http://data.ordnancesurvey.co.uk/id/7000000000041430,England,http://data.ordnancesurvey.co.uk/id/country/england,,,
osgb4000000074740106,http://data.ordnancesurvey.co.uk/id/4000000074740106,Cow Pasture,,,,landcover,Woodland Or Forest,382966,478974,4000,400000,382595,478723,383254,479225,BD23,http://data.ordnancesurvey.co.uk/id/postcodedistrict/BD23,,,,Craven,http://data.ordnancesurvey.co.uk/id/7000000000021698,http://data.ordnancesurvey.co.uk/ontology/admingeo/District,North Yorkshire,http://data.ordnancesurvey.co.uk/id/7000000000022028,http://data.ordnancesurvey.co.uk/ontology/admingeo/County,Yorkshire and the Humber,http://data.ordnancesurvey.co.uk/id/7000000000041430,England,http://data.ordnancesurvey.co.uk/id/country/england,,,
osgb4000000074692622,http://data.ordnancesurvey.co.uk/id/4000000074692622,Green Haw Wood,,,,landcover,Woodland Or Forest,399924,463409,1000,400000,399693,463159,400193,463659,BD23,http://data.ordnancesurvey.co.uk/id/postcodedistrict/BD23,,,,Craven,http://data.ordnancesurvey.co.uk/id/7000000000021698,http://data.ordnancesurvey.co.uk/ontology/admingeo/District,North Yorkshire,http://data.ordnancesurvey.co.uk/id/7000000000022028,http://data.ordnancesurvey.co.uk/ontology/admingeo/County,Yorkshire and the Humber,http://data.ordnancesurvey.co.uk/id/7000000000041430,England,http://data.ordnancesurvey.co.uk/id/country/england,,,
osgb4000000074692230,http://data.ordnancesurvey.co.uk/id/4000000074692230,Rae Sty Woods,,,,landcover,Woodland Or Forest,391829,473472,1000,400000,391581,473222,392081,473722,BD23,http://data.ordnancesurvey.co.uk/id/postcodedistrict/BD23,,,,Craven,http://data.ordnancesurvey.co.uk/id/7000000000021698,http://data.ordnancesurvey.co.uk/ontology/admingeo/District,North Yorkshire,http://data.ordnancesurvey.co.uk/id/7000000000022028,http://data.ordnancesurvey.co.uk/ontology/admingeo/County,Yorkshire and the Humber,http://data.ordnancesurvey.co.uk/id/7000000000041430,England,http://data.ordnancesurvey.co.uk/id/country/england,,,
osgb4000000074739302,http://data.ordnancesurvey.co.uk/id/4000000074739302,Haw Fell,,,,landcover,Other Landcover,392607,474185,7000,1300000,392041,473633,393183,474737,BD23,http://data.ordnancesurvey.co.uk/id/postcodedistrict/BD23,,,,Craven,http://data.ordnancesurvey.co.uk/id/7000000000021698,http://data.ordnancesurvey.co.uk/ontology/admingeo/District,North Yorkshire,http://data.ordnancesurvey.co.uk/id/7000000000022028,http://data.ordnancesurvey.co.uk/ontology/admingeo/County,Yorkshire and the Humber,http://data.ordnancesurvey.co.uk/id/7000000000041430,England,http://data.ordnancesurvey.co.uk/id/country/england,,,
osgb4000000074695040,http://data.ordnancesurvey.co.uk/id/4000000074695040,Bark Plantation,,,,landcover,Woodland Or Forest,394742,464397,1000,400000,394492,464145,394992,464645,BD23,http://data.ordnancesurvey.co.uk/id/postcodedistrict/BD23,,,,Craven,http://data.ordnancesurvey.co.uk/id/7000000000021698,http://data.ordnancesurvey.co.uk/ontology/admingeo/District,North Yorkshire,http://data.ordnancesurvey.co.uk/id/7000000000022028,http://data.ordnancesurvey.co.uk/ontology/admingeo/County,Yorkshire and the Humber,http://data.ordnancesurvey.co.uk/id/7000000000041430,England,http://data.ordnancesurvey.co.uk/id/country/england,,,
osgb4000000074693833,http://data.ordnancesurvey.co.uk/id/4000000074693833,Cow Pasture Wood,,,,landcover,Woodland Or Forest,398776,473036,1000,400000,398479,472786,398979,473286,BD23,http://data.ordnancesurvey.co.uk/id/postcodedistrict/BD23,,,,Craven,http://data.ordnancesurvey.co.uk/id/7000000000021698,http://data.ordnancesurvey.co.uk/ontology/admingeo/District,North Yorkshire,http://data.ordnancesurvey.co.uk/id/7000000000022028,http://data.ordnancesurvey.co.uk/ontology/admingeo/County,Yorkshire and the Humber,http://data.ordnancesurvey.co.uk/id/7000000000041430,England,http://data.ordnancesurvey.co.uk/id/country/england,,,
osgb4000000074770890,http://data.ordnancesurvey.co.uk/id/4000000074770890,Tinderly Hill,,,,landform,Hill Or Mountain,388297,460179,1000,300000,388047,459929,388547,460429,BD23,http://data.ordnancesurvey.co.uk/id/postcodedistrict/BD23,,,,Craven,http://data.ordnancesurvey.co.uk/id/7000000000021698,http://data.ordnancesurvey.co.uk/ontology/admingeo/District,North Yorkshire,http://data.ordnancesurvey.co.uk/id/7000000000022028,http://data.ordnancesurvey.co.uk/ontology/admingeo/County,Yorkshire and the Humber,http://data.ordnancesurvey.co.uk/id/7000000000041430,England,http://data.ordnancesurvey.co.uk/id/country/england,,,
osgb4000000074739719,http://data.ordnancesurvey.co.uk/id/4000000074739719,Flat Moss,,,,landcover,Other Landcover,398734,478624,4000,1300000,398375,478375,399065,478875,DL8,http://data.ordnancesurvey.co.uk/id/postcodedistrict/DL8,,,,Richmondshire,http://data.ordnancesurvey.co.uk/id/7000000000021986,http://data.ordnancesurvey.co.uk/ontology/admingeo/District,North Yorkshire,http://data.ordnancesurvey.co.uk/id/7000000000022028,http://data.ordnancesurvey.co.uk/ontology/admingeo/County,Yorkshire and the Humber,http://data.ordnancesurvey.co.uk/id/7000000000041430,England,http://data.ordnancesurvey.co.uk/id/country/england,,,
osgb4000000074672681,http://data.ordnancesurvey.co.uk/id/4000000074672681,Eastside Wood,,,,landcover,Woodland Or Forest,394666,476454,2000,400000,394345,476204,394845,476704,BD23,http://data.ordnancesurvey.co.uk/id/postcodedistrict/BD23,,,,Craven,http://data.ordnancesurvey.co.uk/id/7000000000021698,http://data.ordnancesurvey.co.uk/ontology/admingeo/District,North Yorkshire,http://data.ordnancesurvey.co.uk/id/7000000000022028,http://data.ordnancesurvey.co.uk/ontology/admingeo/County,Yorkshire and the Humber,http://data.ordnancesurvey.co.uk/id/7000000000041430,England,http://data.ordnancesurvey.co.uk/id/country/england,,,
osgb4000000074744388,http://data.ordnancesurvey.co.uk/id/4000000074744388,Mean Moss,,,,landcover,Other Landcover,382854,470353,3000,800000,382621,470103,383121,470603,BD24,http://data.ordnancesurvey.co.uk/id/postcodedistrict/BD24,,,,Craven,http://data.ordnancesurvey.co.uk/id/7000000000021698,http://data.ordnancesurvey.co.uk/ontology/admingeo/District,North Yorkshire,http://data.ordnancesurvey.co.uk/id/7000000000022028,http://data.ordnancesurvey.co.uk/ontology/admingeo/County,Yorkshire and the Humber,http://data.ordnancesurvey.co.uk/id/7000000000041430,England,http://data.ordnancesurvey.co.uk/id/country/england,,,
osgb4000000074691829,http://data.ordnancesurvey.co.uk/id/4000000074691829,Stony Bank Wood,,,,landcover,Woodland Or Forest,391063,463285,1000,400000,390799,463035,391299,463535,BD23,http://data.ordnancesurvey.co.uk/id/postcodedistrict/BD23,,,,Craven,http://data.ordnancesurvey.co.uk/id/7000000000021698,http://data.ordnancesurvey.co.uk/ontology/admingeo/District,North Yorkshire,http://data.ordnancesurvey.co.uk/id/7000000000022028,http://data.ordnancesurvey.co.uk/ontology/admingeo/County,Yorkshire and the Humber,http://data.ordnancesurvey.co.uk/id/7000000000041430,England,http://data.ordnancesurvey.co.uk/id/country/england,,,
osgb4000000074739179,http://data.ordnancesurvey.co.uk/id/4000000074739179,Captain Moor,,,,landcover,Other Landcover,392640,461687,14000,1300000,392281,460584,393000,462728,BD23,http://data.ordnancesurvey.co.uk/id/postcodedistrict/BD23,,,,Craven,http://data.ordnancesurvey.co.uk/id/7000000000021698,http://data.ordnancesurvey.co.uk/ontology/admingeo/District,North Yorkshire,http://data.ordnancesurvey.co.uk/id/7000000000022028,http://data.ordnancesurvey.co.uk/ontology/admingeo/County,Yorkshire and the Humber,http://data.ordnancesurvey.co.uk/id/7000000000041430,England,http://data.ordnancesurvey.co.uk/id/country/england,,,
osgb4000000074693436,http://data.ordnancesurvey.co.uk/id/4000000074693436,Springs Wood,,,,landcover,Woodland Or Forest,382273,464565,2000,400000,382024,464277,382524,464777,BD24,http://data.ordnancesurvey.co.uk/id/postcodedistrict/BD24,,,,Craven,http://data.ordnancesurvey.co.uk/id/7000000000021698,http://data.ordnancesurvey.co.uk/ontology/admingeo/District,North Yorkshire,http://data.ordnancesurvey.co.uk/id/7000000000022028,http://data.ordnancesurvey.co.uk/ontology/admingeo/County,Yorkshire and the Humber,http://data.ordnancesurvey.co.uk/id/7000000000041430,England,http://data.ordnancesurvey.co.uk/id/country/england,,,
osgb4000000074812872,http://data.ordnancesurvey.co.uk/id/4000000074812872,Black Park,,,,landcover,Other Landcover,396205,461394,6000,800000,395706,460967,396705,461855,BD23,http://data.ordnancesurvey.co.uk/id/postcodedistrict/BD23,,,,Craven,http://data.ordnancesurvey.co.uk/id/7000000000021698,http://data.ordnancesurvey.co.uk/ontology/admingeo/District,North Yorkshire,http://data.ordnancesurvey.co.uk/id/7000000000022028,http://data.ordnancesurvey.co.uk/ontology/admingeo/County,Yorkshire and the Humber,http://data.ordnancesurvey.co.uk/id/7000000000041430,England,http://data.ordnancesurvey.co.uk/id/country/england,,,
osgb4000000074739241,http://data.ordnancesurvey.co.uk/id/4000000074739241,Thoragill Beck Pasture,,,,landcover,Other Landcover,388722,470077,5000,800000,388353,469759,389091,470362,BD24,http://data.ordnancesurvey.co.uk/id/postcodedistrict/BD24,,,,Craven,http://data.ordnancesurvey.co.uk/id/7000000000021698,http://data.ordnancesurvey.co.uk/ontology/admingeo/District,North Yorkshire,http://data.ordnancesurvey.co.uk/id/7000000000022028,http://data.ordnancesurvey.co.uk/ontology/admingeo/County,Yorkshire and the Humber,http://data.ordnancesurvey.co.uk/id/7000000000041430,England,http://data.ordnancesurvey.co.uk/id/country/england,,,
osgb4000000074739055,http://data.ordnancesurvey.co.uk/id/4000000074739055,Caseker Pasture,,,,landcover,Other Landcover,398963,474680,5000,1300000,398673,474262,399253,475051,BD23,http://data.ordnancesurvey.co.uk/id/postcodedistrict/BD23,,,,Craven,http://data.ordnancesurvey.co.uk/id/7000000000021698,http://data.ordnancesurvey.co.uk/ontology/admingeo/District,North Yorkshire,http://data.ordnancesurvey.co.uk/id/7000000000022028,http://data.ordnancesurvey.co.uk/ontology/admingeo/County,Yorkshire and the Humber,http://data.ordnancesurvey.co.uk/id/7000000000041430,England,http://data.ordnancesurvey.co.uk/id/country/england,,,
osgb4000000074618602,http://data.ordnancesurvey.co.uk/id/4000000074618602,The Weets,,,,landform,Hill Or Mountain,392568,463202,1000,300000,392318,462952,392818,463452,BD23,http://data.ordnancesurvey.co.uk/id/postcodedistrict/BD23,,,,Craven,http://data.ordnancesurvey.co.uk/id/7000000000021698,http://data.ordnancesurvey.co.uk/ontology/admingeo/District,North Yorkshire,http://data.ordnancesurvey.co.uk/id/7000000000022028,http://data.ordnancesurvey.co.uk/ontology/admingeo/County,Yorkshire and the Humber,http://data.ordnancesurvey.co.uk/id/7000000000041430,England,http://data.ordnancesurvey.co.uk/id/country/england,,,
osgb4000000074739314,http://data.ordnancesurvey.co.uk/id/4000000074739314,Studfold High Pasture,,,,landcover,Other Landcover,382461,469829,6000,800000,381943,469579,382885,470079,BD24,http://data.ordnancesurvey.co.uk/id/postcodedistrict/BD24,,,,Craven,http://data.ordnancesurvey.co.uk/id/7000000000021698,http://data.ordnancesurvey.co.uk/ontology/admingeo/District,North Yorkshire,http://data.ordnancesurvey.co.uk/id/7000000000022028,http://data.ordnancesurvey.co.uk/ontology/admingeo/County,Yorkshire and the Humber,http://data.ordnancesurvey.co.uk/id/7000000000041430,England,http://data.ordnancesurvey.co.uk/id/country/england,,,
osgb4000000074771054,http://data.ordnancesurvey.co.uk/id/4000000074771054,Dean Moor Hill,,,,landform,Hill Or Mountain,389175,464917,1000,300000,388925,464667,389425,465167,BD23,http://data.ordnancesurvey.co.uk/id/postcodedistrict/BD23,,,,Craven,http://data.ordnancesurvey.co.uk/id/7000000000021698,http://data.ordnancesurvey.co.uk/ontology/admingeo/District,North Yorkshire,http://data.ordnancesurvey.co.uk/id/7000000000022028,http://data.ordnancesurvey.co.uk/ontology/admingeo/County,Yorkshire and the Humber,http://data.ordnancesurvey.co.uk/id/7000000000041430,England,http://data.ordnancesurvey.co.uk/id/country/england,,,
osgb4000000074696278,http://data.ordnancesurvey.co.uk/id/4000000074696278,Raikes Plantation,,,,landcover,Woodland Or Forest,398209,460495,2000,400000,397959,460269,398459,460769,BD23,http://data.ordnancesurvey.co.uk/id/postcodedistrict/BD23,,,,Craven,http://data.ordnancesurvey.co.uk/id/7000000000021698,http://data.ordnancesurvey.co.uk/ontology/admingeo/District,North Yorkshire,http://data.ordnancesurvey.co.uk/id/7000000000022028,http://data.ordnancesurvey.co.uk/ontology/admingeo/County,Yorkshire and the Humber,http://data.ordnancesurvey.co.uk/id/7000000000041430,England,http://data.ordnancesurvey.co.uk/id/country/england,,,
osgb4000000074692626,http://data.ordnancesurvey.co.uk/id/4000000074692626,Ha Mire Plantation,,,,landcover,Woodland Or Forest,389688,466509,2000,400000,389438,466242,389938,466742,BD24,http://data.ordnancesurvey.co.uk/id/postcodedistrict/BD24,,,,Craven,http://data.ordnancesurvey.co.uk/id/7000000000021698,http://data.ordnancesurvey.co.uk/ontology/admingeo/District,North Yorkshire,http://data.ordnancesurvey.co.uk/id/7000000000022028,http://data.ordnancesurvey.co.uk/ontology/admingeo/County,Yorkshire and the Humber,http://data.ordnancesurvey.co.uk/id/7000000000041430,England,http://data.ordnancesurvey.co.uk/id/country/england,,,
osgb4000000074673067,http://data.ordnancesurvey.co.uk/id/4000000074673067,Cow Close Plantation,,,,landcover,Woodland Or Forest,394160,479004,1000,400000,393885,478755,394385,479255,BD23,http://data.ordnancesurvey.co.uk/id/postcodedistrict/BD23,,,,Craven,http://data.ordnancesurvey.co.uk/id/7000000000021698,http://data.ordnancesurvey.co.uk/ontology/admingeo/District,North Yorkshire,http://data.ordnancesurvey.co.uk/id/7000000000022028,http://data.ordnancesurvey.co.uk/ontology/admingeo/County,Yorkshire and the Humber,http://data.ordnancesurvey.co.uk/id/7000000000041430,England,http://data.ordnancesurvey.co.uk/id/country/england,,,
osgb4000000074678264,http://data.ordnancesurvey.co.uk/id/4000000074678264,Scar Gill Wood,,,,landcover,Woodland Or Forest,397846,471249,2000,400000,397596,471002,398096,471502,BD23,http://data.ordnancesurvey.co.uk/id/postcodedistrict/BD23,,,,Craven,http://data.ordnancesurvey.co.uk/id/7000000000021698,http://data.ordnancesurvey.co.uk/ontology/admingeo/District,North Yorkshire,http://data.ordnancesurvey.co.uk/id/7000000000022028,http://data.ordnancesurvey.co.uk/ontology/admingeo/County,Yorkshire and the Humber,http://data.ordnancesurvey.co.uk/id/7000000000041430,England,http://data.ordnancesurvey.co.uk/id/country/england,,,
osgb4000000074694648,http://data.ordnancesurvey.co.uk/id/4000000074694648,Outaber Plantation,,,,landcover,Woodland Or Forest,381747,472741,1000,400000,381461,472491,381961,472991,BD24,http://data.ordnancesurvey.co.uk/id/postcodedistrict/BD24,,,,Craven,http://data.ordnancesurvey.co.uk/id/7000000000021698,http://data.ordnancesurvey.co.uk/ontology/admingeo/District,North Yorkshire,http://data.ordnancesurvey.co.uk/id/7000000000022028,http://data.ordnancesurvey.co.uk/ontology/admingeo/County,Yorkshire and the Humber,http://data.ordnancesurvey.co.uk/id/7000000000041430,England,http://data.ordnancesurvey.co.uk/id/country/england,,,
osgb4000000074691789,http://data.ordnancesurvey.co.uk/id/4000000074691789,Way Gill Moor End Plantation,,,,landcover,Woodland Or Forest,393493,460519,2000,400000,393243,460252,393743,460752,BD23,http://data.ordnancesurvey.co.uk/id/postcodedistrict/BD23,,,,Craven,http://data.ordnancesurvey.co.uk/id/7000000000021698,http://data.ordnancesurvey.co.uk/ontology/admingeo/District,North Yorkshire,http://data.ordnancesurvey.co.uk/id/7000000000022028,http://data.ordnancesurvey.co.uk/ontology/admingeo/County,Yorkshire and the Humber,http://data.ordnancesurvey.co.uk/id/7000000000041430,England,http://data.ordnancesurvey.co.uk/id/country/england,,,
osgb4000000074693441,http://data.ordnancesurvey.co.uk/id/4000000074693441,Force Wood,,,,landcover,Woodland Or Forest,381853,467039,2000,400000,381603,466918,382103,467418,BD24,http://data.ordnancesurvey.co.uk/id/postcodedistrict/BD24,,,,Craven,http://data.ordnancesurvey.co.uk/id/7000000000021698,http://data.ordnancesurvey.co.uk/ontology/admingeo/District,North Yorkshire,http://data.ordnancesurvey.co.uk/id/7000000000022028,http://data.ordnancesurvey.co.uk/ontology/admingeo/County,Yorkshire and the Humber,http://data.ordnancesurvey.co.uk/id/7000000000041430,England,http://data.ordnancesurvey.co.uk/id/country/england,,,
osgb4000000074738526,http://data.ordnancesurvey.co.uk/id/4000000074738526,Linton Moor,,,,landcover,Other Landcover,397045,462048,9000,1300000,396526,461371,397682,462725,BD23,http://data.ordnancesurvey.co.uk/id/postcodedistrict/BD23,,,,Craven,http://data.ordnancesurvey.co.uk/id/7000000000021698,http://data.ordnancesurvey.co.uk/ontology/admingeo/District,North Yorkshire,http://data.ordnancesurvey.co.uk/id/7000000000022028,http://data.ordnancesurvey.co.uk/ontology/admingeo/County,Yorkshire and the Humber,http://data.ordnancesurvey.co.uk/id/7000000000041430,England,http://data.ordnancesurvey.co.uk/id/country/england,,,
osgb4000000074691770,http://data.ordnancesurvey.co.uk/id/4000000074691770,Round Plantation,,,,landcover,Woodland Or Forest,395851,461002,1000,400000,395602,460738,396102,461238,BD23,http://data.ordnancesurvey.co.uk/id/postcodedistrict/BD23,,,,Craven,http://data.ordnancesurvey.co.uk/id/7000000000021698,http://data.ordnancesurvey.co.uk/ontology/admingeo/District,North Yorkshire,http://data.ordnancesurvey.co.uk/id/7000000000022028,http://data.ordnancesurvey.co.uk/ontology/admingeo/County,Yorkshire and the Humber,http://data.ordnancesurvey.co.uk/id/7000000000041430,England,http://data.ordnancesurvey.co.uk/id/country/england,,,
osgb4000000074596575,http://data.ordnancesurvey.co.uk/id/4000000074596575,Birks Fell,,,,landcover,Other Landcover,392666,476258,14000,1300000,391895,475271,393436,477441,BD23,http://data.ordnancesurvey.co.uk/id/postcodedistrict/BD23,,,,Craven,http://data.ordnancesurvey.co.uk/id/7000000000021698,http://data.ordnancesurvey.co.uk/ontology/admingeo/District,North Yorkshire,http://data.ordnancesurvey.co.uk/id/7000000000022028,http://data.ordnancesurvey.co.uk/ontology/admingeo/County,Yorkshire and the Humber,http://data.ordnancesurvey.co.uk/id/7000000000041430,England,http://data.ordnancesurvey.co.uk/id/country/england,,,
osgb4000000074739195,http://data.ordnancesurvey.co.uk/id/4000000074739195,Low Ox Pasture,,,,landcover,Other Landcover,397057,467970,6000,1300000,396714,467470,397401,468401,BD23,http://data.ordnancesurvey.co.uk/id/postcodedistrict/BD23,,,,Craven,http://data.ordnancesurvey.co.uk/id/7000000000021698,http://data.ordnancesurvey.co.uk/ontology/admingeo/District,North Yorkshire,http://data.ordnancesurvey.co.uk/id/7000000000022028,http://data.ordnancesurvey.co.uk/ontology/admingeo/County,Yorkshire and the Humber,http://data.ordnancesurvey.co.uk/id/7000000000041430,England,http://data.ordnancesurvey.co.uk/id/country/england,,,
osgb4000000074697521,http://data.ordnancesurvey.co.uk/id/4000000074697521,Way Gill Wood,,,,landcover,Woodland Or Forest,394111,460106,1000,400000,393879,459857,394379,460357,BD23,http://data.ordnancesurvey.co.uk/id/postcodedistrict/BD23,,,,Craven,http://data.ordnancesurvey.co.uk/id/7000000000021698,http://data.ordnancesurvey.co.uk/ontology/admingeo/District,North Yorkshire,http://data.ordnancesurvey.co.uk/id/7000000000022028,http://data.ordnancesurvey.co.uk/ontology/admingeo/County,Yorkshire and the Humber,http://data.ordnancesurvey.co.uk/id/7000000000041430,England,http://data.ordnancesurvey.co.uk/id/country/england,,,
osgb4000000074738816,http://data.ordnancesurvey.co.uk/id/4000000074738816,Back Pasture,,,,landcover,Other Landcover,389917,468651,6000,1300000,389569,468242,390264,469093,BD24,http://data.ordnancesurvey.co.uk/id/postcodedistrict/BD24,,,,Craven,http://data.ordnancesurvey.co.uk/id/7000000000021698,http://data.ordnancesurvey.co.uk/ontology/admingeo/District,North Yorkshire,http://data.ordnancesurvey.co.uk/id/7000000000022028,http://data.ordnancesurvey.co.uk/ontology/admingeo/County,Yorkshire and the Humber,http://data.ordnancesurvey.co.uk/id/7000000000041430,England,http://data.ordnancesurvey.co.uk/id/country/england,,,
osgb4000000074697939,http://data.ordnancesurvey.co.uk/id/4000000074697939,Alans Plantation,,,,landcover,Woodland Or Forest,395020,460527,2000,400000,394678,460278,395178,460778,BD23,http://data.ordnancesurvey.co.uk/id/postcodedistrict/BD23,,,,Craven,http://data.ordnancesurvey.co.uk/id/7000000000021698,http://data.ordnancesurvey.co.uk/ontology/admingeo/District,North Yorkshire,http://data.ordnancesurvey.co.uk/id/7000000000022028,http://data.ordnancesurvey.co.uk/ontology/admingeo/County,Yorkshire and the Humber,http://data.ordnancesurvey.co.uk/id/7000000000041430,England,http://data.ordnancesurvey.co.uk/id/country/england,,,
osgb4000000074744387,http://data.ordnancesurvey.co.uk/id/4000000074744387,Silverdale Meadow,,,,landcover,Other Landcover,384124,469918,4000,800000,383874,469578,384374,470123,BD24,http://data.ordnancesurvey.co.uk/id/postcodedistrict/BD24,,,,Craven,http://data.ordnancesurvey.co.uk/id/7000000000021698,http://data.ordnancesurvey.co.uk/ontology/admingeo/District,North Yorkshire,http://data.ordnancesurvey.co.uk/id/7000000000022028,http://data.ordnancesurvey.co.uk/ontology/admingeo/County,Yorkshire and the Humber,http://data.ordnancesurvey.co.uk/id/7000000000041430,England,http://data.ordnancesurvey.co.uk/id/country/england,,,
osgb4000000074739242,http://data.ordnancesurvey.co.uk/id/4000000074739242,Middle Fell,,,,landcover,Other Landcover,387403,469919,8000,1300000,386959,469422,388138,470416,BD24,http://data.ordnancesurvey.co.uk/id/postcodedistrict/BD24,,,,Craven,http://data.ordnancesurvey.co.uk/id/7000000000021698,http://data.ordnancesurvey.co.uk/ontology/admingeo/District,North Yorkshire,http://data.ordnancesurvey.co.uk/id/7000000000022028,http://data.ordnancesurvey.co.uk/ontology/admingeo/County,Yorkshire and the Humber,http://data.ordnancesurvey.co.uk/id/7000000000041430,England,http://data.ordnancesurvey.co.uk/id/country/england,,,
osgb4000000074673069,http://data.ordnancesurvey.co.uk/id/4000000074673069,Kirk Gill Moor Wood,,,,landcover,Woodland Or Forest,392876,477731,3000,400000,392626,477477,393126,478010,BD23,http://data.ordnancesurvey.co.uk/id/postcodedistrict/BD23,,,,Craven,http://data.ordnancesurvey.co.uk/id/7000000000021698,http://data.ordnancesurvey.co.uk/ontology/admingeo/District,North Yorkshire,http://data.ordnancesurvey.co.uk/id/7000000000022028,http://data.ordnancesurvey.co.uk/ontology/admingeo/County,Yorkshire and the Humber,http://data.ordnancesurvey.co.uk/id/7000000000041430,England,http://data.ordnancesurvey.co.uk/id/country/england,,,
osgb4000000074812870,http://data.ordnancesurvey.co.uk/id/4000000074812870,Kilnsey Park,,,,landcover,Other Landcover,397379,467725,2000,800000,397130,467476,397630,467976,BD23,http://data.ordnancesurvey.co.uk/id/postcodedistrict/BD23,,,,Craven,http://data.ordnancesurvey.co.uk/id/7000000000021698,http://data.ordnancesurvey.co.uk/ontology/admingeo/District,North Yorkshire,http://data.ordnancesurvey.co.uk/id/7000000000022028,http://data.ordnancesurvey.co.uk/ontology/admingeo/County,Yorkshire and the Humber,http://data.ordnancesurvey.co.uk/id/7000000000041430,England,http://data.ordnancesurvey.co.uk/id/country/england,,,
osgb4000000074691833,http://data.ordnancesurvey.co.uk/id/4000000074691833,Little Wood,,,,landcover,Woodland Or Forest,393304,472250,1000,400000,393055,472000,393555,472500,BD23,http://data.ordnancesurvey.co.uk/id/postcodedistrict/BD23,,,,Craven,http://data.ordnancesurvey.co.uk/id/7000000000021698,http://data.ordnancesurvey.co.uk/ontology/admingeo/District,North Yorkshire,http://data.ordnancesurvey.co.uk/id/7000000000022028,http://data.ordnancesurvey.co.uk/ontology/admingeo/County,Yorkshire and the Humber,http://data.ordnancesurvey.co.uk/id/7000000000041430,England,http://data.ordnancesurvey.co.uk/id/country/england,,,
osgb4000000074678261,http://data.ordnancesurvey.co.uk/id/4000000074678261,Little Wood,,,,landcover,Woodland Or Forest,398253,464290,2000,400000,397994,464040,398494,464540,BD23,http://data.ordnancesurvey.co.uk/id/postcodedistrict/BD23,,,,Craven,http://data.ordnancesurvey.co.uk/id/7000000000021698,http://data.ordnancesurvey.co.uk/ontology/admingeo/District,North Yorkshire,http://data.ordnancesurvey.co.uk/id/7000000000022028,http://data.ordnancesurvey.co.uk/ontology/admingeo/County,Yorkshire and the Humber,http://data.ordnancesurvey.co.uk/id/7000000000041430,England,http://data.ordnancesurvey.co.uk/id/country/england,,,
osgb4000000074692186,http://data.ordnancesurvey.co.uk/id/4000000074692186,Hanlith Wood,,,,landcover,Woodland Or Forest,390317,460673,2000,400000,390067,460420,390567,460920,BD23,http://data.ordnancesurvey.co.uk/id/postcodedistrict/BD23,,,,Craven,http://data.ordnancesurvey.co.uk/id/7000000000021698,http://data.ordnancesurvey.co.uk/ontology/admingeo/District,North Yorkshire,http://data.ordnancesurvey.co.uk/id/7000000000022028,http://data.ordnancesurvey.co.uk/ontology/admingeo/County,Yorkshire and the Humber,http://data.ordnancesurvey.co.uk/id/7000000000041430,England,http://data.ordnancesurvey.co.uk/id/country/england,,,
osgb4000000074791332,http://data.ordnancesurvey.co.uk/id/4000000074791332,Birks Tarn,,,,hydrography,Inland Water,392162,475950,1000,500000,391912,475709,392412,476209,BD23,http://data.ordnancesurvey.co.uk/id/postcodedistrict/BD23,,,,Craven,http://data.ordnancesurvey.co.uk/id/7000000000021698,http://data.ordnancesurvey.co.uk/ontology/admingeo/District,North Yorkshire,http://data.ordnancesurvey.co.uk/id/7000000000022028,http://data.ordnancesurvey.co.uk/ontology/admingeo/County,Yorkshire and the Humber,http://data.ordnancesurvey.co.uk/id/7000000000041430,England,http://data.ordnancesurvey.co.uk/id/country/england,,,
osgb4000000074672680,http://data.ordnancesurvey.co.uk/id/4000000074672680,Eshber Wood,,,,landcover,Woodland Or Forest,394835,475945,5000,400000,394585,475617,395085,476343,BD23,http://data.ordnancesurvey.co.uk/id/postcodedistrict/BD23,,,,Craven,http://data.ordnancesurvey.co.uk/id/7000000000021698,http://data.ordnancesurvey.co.uk/ontology/admingeo/District,North Yorkshire,http://data.ordnancesurvey.co.uk/id/7000000000022028,http://data.ordnancesurvey.co.uk/ontology/admingeo/County,Yorkshire and the Humber,http://data.ordnancesurvey.co.uk/id/7000000000041430,England,http://data.ordnancesurvey.co.uk/id/country/england,,,
osgb4000000074623625,http://data.ordnancesurvey.co.uk/id/4000000074623625,Smearsett Scar,,,,landform,Hill Or Mountain,380248,467805,1000,300000,379998,467555,380498,468055,LA2,http://data.ordnancesurvey.co.uk/id/postcodedistrict/LA2,,,,Craven,http://data.ordnancesurvey.co.uk/id/7000000000021698,http://data.ordnancesurvey.co.uk/ontology/admingeo/District,North Yorkshire,http://data.ordnancesurvey.co.uk/id/7000000000022028,http://data.ordnancesurvey.co.uk/ontology/admingeo/County,Yorkshire and the Humber,http://data.ordnancesurvey.co.uk/id/7000000000041430,England,http://data.ordnancesurvey.co.uk/id/country/england,,,
osgb4000000074740229,http://data.ordnancesurvey.co.uk/id/4000000074740229,Fleet Moss,,,,landcover,Other Landcover,383060,475386,4000,1300000,382810,475096,383310,475659,BD24,http://data.ordnancesurvey.co.uk/id/postcodedistrict/BD24,,,,Craven,http://data.ordnancesurvey.co.uk/id/7000000000021698,http://data.ordnancesurvey.co.uk/ontology/admingeo/District,North Yorkshire,http://data.ordnancesurvey.co.uk/id/7000000000022028,http://data.ordnancesurvey.co.uk/ontology/admingeo/County,Yorkshire and the Humber,http://data.ordnancesurvey.co.uk/id/7000000000041430,England,http://data.ordnancesurvey.co.uk/id/country/england,,,
osgb4000000074764703,http://data.ordnancesurvey.co.uk/id/4000000074764703,Cow Close Fell,,,,landform,Hill Or Mountain,389145,472790,1000,300000,388895,472540,389395,473040,BD23,http://data.ordnancesurvey.co.uk/id/postcodedistrict/BD23,,,,Craven,http://data.ordnancesurvey.co.uk/id/7000000000021698,http://data.ordnancesurvey.co.uk/ontology/admingeo/District,North Yorkshire,http://data.ordnancesurvey.co.uk/id/7000000000022028,http://data.ordnancesurvey.co.uk/ontology/admingeo/County,Yorkshire and the Humber,http://data.ordnancesurvey.co.uk/id/7000000000041430,England,http://data.ordnancesurvey.co.uk/id/country/england,,,
osgb4000000074739642,http://data.ordnancesurvey.co.uk/id/4000000074739642,Starbotton Out Moor,,,,landcover,Other Landcover,396718,476507,5000,1300000,396335,476087,397102,476901,BD23,http://data.ordnancesurvey.co.uk/id/postcodedistrict/BD23,,,,Craven,http://data.ordnancesurvey.co.uk/id/7000000000021698,http://data.ordnancesurvey.co.uk/ontology/admingeo/District,North Yorkshire,http://data.ordnancesurvey.co.uk/id/7000000000022028,http://data.ordnancesurvey.co.uk/ontology/admingeo/County,Yorkshire and the Humber,http://data.ordnancesurvey.co.uk/id/7000000000041430,England,http://data.ordnancesurvey.co.uk/id/country/england,,,
osgb4000000074739720,http://data.ordnancesurvey.co.uk/id/4000000074739720,Walden Moor,,,,landcover,Other Landcover,397732,479492,11000,1300000,396884,478719,398580,480259,DL8,http://data.ordnancesurvey.co.uk/id/postcodedistrict/DL8,,,,Richmondshire,http://data.ordnancesurvey.co.uk/id/7000000000021986,http://data.ordnancesurvey.co.uk/ontology/admingeo/District,North Yorkshire,http://data.ordnancesurvey.co.uk/id/7000000000022028,http://data.ordnancesurvey.co.uk/ontology/admingeo/County,Yorkshire and the Humber,http://data.ordnancesurvey.co.uk/id/7000000000041430,England,http://data.ordnancesurvey.co.uk/id/country/england,,,
osgb4000000074693034,http://data.ordnancesurvey.co.uk/id/4000000074693034,Gain Bank Wood,,,,landcover,Woodland Or Forest,397736,471698,1000,400000,397486,471448,397986,471948,BD23,http://data.ordnancesurvey.co.uk/id/postcodedistrict/BD23,,,,Craven,http://data.ordnancesurvey.co.uk/id/7000000000021698,http://data.ordnancesurvey.co.uk/ontology/admingeo/District,North Yorkshire,http://data.ordnancesurvey.co.uk/id/7000000000022028,http://data.ordnancesurvey.co.uk/ontology/admingeo/County,Yorkshire and the Humber,http://data.ordnancesurvey.co.uk/id/7000000000041430,England,http://data.ordnancesurvey.co.uk/id/country/england,,,
osgb4000000074618607,http://data.ordnancesurvey.co.uk/id/4000000074618607,Darnbrook Fell,,,,landform,Hill Or Mountain,388453,472795,1000,300000,388203,472545,388703,473045,BD23,http://data.ordnancesurvey.co.uk/id/postcodedistrict/BD23,,,,Craven,http://data.ordnancesurvey.co.uk/id/7000000000021698,http://data.ordnancesurvey.co.uk/ontology/admingeo/District,North Yorkshire,http://data.ordnancesurvey.co.uk/id/7000000000022028,http://data.ordnancesurvey.co.uk/ontology/admingeo/County,Yorkshire and the Humber,http://data.ordnancesurvey.co.uk/id/7000000000041430,England,http://data.ordnancesurvey.co.uk/id/country/england,,,
osgb4000000074677456,http://data.ordnancesurvey.co.uk/id/4000000074677456,Wild Share,,,,landcover,Woodland Or Forest,383996,461570,7000,400000,383456,461084,384536,462189,BD24,http://data.ordnancesurvey.co.uk/id/postcodedistrict/BD24,,,,Craven,http://data.ordnancesurvey.co.uk/id/7000000000021698,http://data.ordnancesurvey.co.uk/ontology/admingeo/District,North Yorkshire,http://data.ordnancesurvey.co.uk/id/7000000000022028,http://data.ordnancesurvey.co.uk/ontology/admingeo/County,Yorkshire and the Humber,http://data.ordnancesurvey.co.uk/id/7000000000041430,England,http://data.ordnancesurvey.co.uk/id/country/england,,,
osgb4000000074771245,http://data.ordnancesurvey.co.uk/id/4000000074771245,Micklaw Hill,,,,landform,Hill Or Mountain,388743,461437,1000,300000,388493,461187,388993,461687,BD23,http://data.ordnancesurvey.co.uk/id/postcodedistrict/BD23,,,,Craven,http://data.ordnancesurvey.co.uk/id/7000000000021698,http://data.ordnancesurvey.co.uk/ontology/admingeo/District,North Yorkshire,http://data.ordnancesurvey.co.uk/id/7000000000022028,http://data.ordnancesurvey.co.uk/ontology/admingeo/County,Yorkshire and the Humber,http://data.ordnancesurvey.co.uk/id/7000000000041430,England,http://data.ordnancesurvey.co.uk/id/country/england,,,
osgb4000000074693439,http://data.ordnancesurvey.co.uk/id/4000000074693439,Old Plantation,,,,landcover,Woodland Or Forest,382690,464958,1000,400000,382440,464717,382940,465217,BD24,http://data.ordnancesurvey.co.uk/id/postcodedistrict/BD24,,,,Craven,http://data.ordnancesurvey.co.uk/id/7000000000021698,http://data.ordnancesurvey.co.uk/ontology/admingeo/District,North Yorkshire,http://data.ordnancesurvey.co.uk/id/7000000000022028,http://data.ordnancesurvey.co.uk/ontology/admingeo/County,Yorkshire and the Humber,http://data.ordnancesurvey.co.uk/id/7000000000041430,England,http://data.ordnancesurvey.co.uk/id/country/england,,,
osgb4000000074672281,http://data.ordnancesurvey.co.uk/id/4000000074672281,Borrins Wood,,,,landcover,Woodland Or Forest,381281,466332,2000,400000,381015,466082,381515,466582,BD24,http://data.ordnancesurvey.co.uk/id/postcodedistrict/BD24,,,,Craven,http://data.ordnancesurvey.co.uk/id/7000000000021698,http://data.ordnancesurvey.co.uk/ontology/admingeo/District,North Yorkshire,http://data.ordnancesurvey.co.uk/id/7000000000022028,http://data.ordnancesurvey.co.uk/ontology/admingeo/County,Yorkshire and the Humber,http://data.ordnancesurvey.co.uk/id/7000000000041430,England,http://data.ordnancesurvey.co.uk/id/country/england,,,
osgb4000000074743581,http://data.ordnancesurvey.co.uk/id/4000000074743581,Green Field Far Meadow,,,,landcover,Other Landcover,383831,479788,3000,800000,383582,479538,384082,480038,BD23,http://data.ordnancesurvey.co.uk/id/postcodedistrict/BD23,,,,Craven,http://data.ordnancesurvey.co.uk/id/7000000000021698,http://data.ordnancesurvey.co.uk/ontology/admingeo/District,North Yorkshire,http://data.ordnancesurvey.co.uk/id/7000000000022028,http://data.ordnancesurvey.co.uk/ontology/admingeo/County,Yorkshire and the Humber,http://data.ordnancesurvey.co.uk/id/7000000000041430,England,http://data.ordnancesurvey.co.uk/id/country/england,,,
osgb4000000074693828,http://data.ordnancesurvey.co.uk/id/4000000074693828,Chapel House Wood,,,,landcover,Woodland Or Forest,397560,465355,5000,400000,397210,465013,397910,465765,BD23,http://data.ordnancesurvey.co.uk/id/postcodedistrict/BD23,,,,Craven,http://data.ordnancesurvey.co.uk/id/7000000000021698,http://data.ordnancesurvey.co.uk/ontology/admingeo/District,North Yorkshire,http://data.ordnancesurvey.co.uk/id/7000000000022028,http://data.ordnancesurvey.co.uk/ontology/admingeo/County,Yorkshire and the Humber,http://data.ordnancesurvey.co.uk/id/7000000000041430,England,http://data.ordnancesurvey.co.uk/id/country/england,,,
osgb4000000074623624,http://data.ordnancesurvey.co.uk/id/4000000074623624,Proctor High Mark,,,,landform,Hill Or Mountain,393716,467638,1000,300000,393466,467388,393966,467888,BD23,http://data.ordnancesurvey.co.uk/id/postcodedistrict/BD23,,,,Craven,http://data.ordnancesurvey.co.uk/id/7000000000021698,http://data.ordnancesurvey.co.uk/ontology/admingeo/District,North Yorkshire,http://data.ordnancesurvey.co.uk/id/7000000000022028,http://data.ordnancesurvey.co.uk/ontology/admingeo/County,Yorkshire and the Humber,http://data.ordnancesurvey.co.uk/id/7000000000041430,England,http://data.ordnancesurvey.co.uk/id/country/england,,,
osgb4000000074693823,http://data.ordnancesurvey.co.uk/id/4000000074693823,Brazen Gate Woods,,,,landcover,Woodland Or Forest,398085,464929,2000,400000,397835,464646,398335,465146,BD23,http://data.ordnancesurvey.co.uk/id/postcodedistrict/BD23,,,,Craven,http://data.ordnancesurvey.co.uk/id/7000000000021698,http://data.ordnancesurvey.co.uk/ontology/admingeo/District,North Yorkshire,http://data.ordnancesurvey.co.uk/id/7000000000022028,http://data.ordnancesurvey.co.uk/ontology/admingeo/County,Yorkshire and the Humber,http://data.ordnancesurvey.co.uk/id/7000000000041430,England,http://data.ordnancesurvey.co.uk/id/country/england,,,
osgb4000000074791243,http://data.ordnancesurvey.co.uk/id/4000000074791243,Dan Wash,,,,hydrography,Inland Water,395502,466517,1000,500000,395253,466267,395753,466767,BD23,http://data.ordnancesurvey.co.uk/id/postcodedistrict/BD23,,,,Craven,http://data.ordnancesurvey.co.uk/id/7000000000021698,http://data.ordnancesurvey.co.uk/ontology/admingeo/District,North Yorkshire,http://data.ordnancesurvey.co.uk/id/7000000000022028,http://data.ordnancesurvey.co.uk/ontology/admingeo/County,Yorkshire and the Humber,http://data.ordnancesurvey.co.uk/id/7000000000041430,England,http://data.ordnancesurvey.co.uk/id/country/england,,,
osgb4000000074697109,http://data.ordnancesurvey.co.uk/id/4000000074697109,Whitaker Gill Wood,,,,landcover,Woodland Or Forest,396554,460509,1000,400000,396304,460227,396804,460727,BD23,http://data.ordnancesurvey.co.uk/id/postcodedistrict/BD23,,,,Craven,http://data.ordnancesurvey.co.uk/id/7000000000021698,http://data.ordnancesurvey.co.uk/ontology/admingeo/District,North Yorkshire,http://data.ordnancesurvey.co.uk/id/7000000000022028,http://data.ordnancesurvey.co.uk/ontology/admingeo/County,Yorkshire and the Humber,http://data.ordnancesurvey.co.uk/id/7000000000041430,England,http://data.ordnancesurvey.co.uk/id/country/england,,,
osgb4000000074591170,http://data.ordnancesurvey.co.uk/id/4000000074591170,Tarn Barn,,,,landcover,Woodland Or Forest,380463,464532,2000,400000,380213,464345,380713,464845,BD24,http://data.ordnancesurvey.co.uk/id/postcodedistrict/BD24,,,,Craven,http://data.ordnancesurvey.co.uk/id/7000000000021698,http://data.ordnancesurvey.co.uk/ontology/admingeo/District,North Yorkshire,http://data.ordnancesurvey.co.uk/id/7000000000022028,http://data.ordnancesurvey.co.uk/ontology/admingeo/County,Yorkshire and the Humber,http://data.ordnancesurvey.co.uk/id/7000000000041430,England,http://data.ordnancesurvey.co.uk/id/country/england,,,
osgb4000000074771100,http://data.ordnancesurvey.co.uk/id/4000000074771100,Fair Bottom Hill,,,,landform,Hill Or Mountain,380292,478150,1000,300000,380042,477900,380542,478400,BD24,http://data.ordnancesurvey.co.uk/id/postcodedistrict/BD24,,,,Craven,http://data.ordnancesurvey.co.uk/id/7000000000021698,http://data.ordnancesurvey.co.uk/ontology/admingeo/District,North Yorkshire,http://data.ordnancesurvey.co.uk/id/7000000000022028,http://data.ordnancesurvey.co.uk/ontology/admingeo/County,Yorkshire and the Humber,http://data.ordnancesurvey.co.uk/id/7000000000041430,England,http://data.ordnancesurvey.co.uk/id/country/england,,,
osgb4000000074739581,http://data.ordnancesurvey.co.uk/id/4000000074739581,Middle Piece Pasture,,,,landcover,Other Landcover,398747,475327,5000,1300000,398385,474985,399135,475670,BD23,http://data.ordnancesurvey.co.uk/id/postcodedistrict/BD23,,,,Craven,http://data.ordnancesurvey.co.uk/id/7000000000021698,http://data.ordnancesurvey.co.uk/ontology/admingeo/District,North Yorkshire,http://data.ordnancesurvey.co.uk/id/7000000000022028,http://data.ordnancesurvey.co.uk/ontology/admingeo/County,Yorkshire and the Humber,http://data.ordnancesurvey.co.uk/id/7000000000041430,England,http://data.ordnancesurvey.co.uk/id/country/england,,,
osgb4000000074739236,http://data.ordnancesurvey.co.uk/id/4000000074739236,Haw Fields,,,,landcover,Other Landcover,396072,472823,2000,800000,395838,472573,396338,473073,BD23,http://data.ordnancesurvey.co.uk/id/postcodedistrict/BD23,,,,Craven,http://data.ordnancesurvey.co.uk/id/7000000000021698,http://data.ordnancesurvey.co.uk/ontology/admingeo/District,North Yorkshire,http://data.ordnancesurvey.co.uk/id/7000000000022028,http://data.ordnancesurvey.co.uk/ontology/admingeo/County,Yorkshire and the Humber,http://data.ordnancesurvey.co.uk/id/7000000000041430,England,http://data.ordnancesurvey.co.uk/id/country/england,,,
osgb4000000074618992,http://data.ordnancesurvey.co.uk/id/4000000074618992,Rye Loaf Hill,,,,landform,Hill Or Mountain,386421,463313,1000,300000,386171,463063,386671,463563,BD24,http://data.ordnancesurvey.co.uk/id/postcodedistrict/BD24,,,,Craven,http://data.ordnancesurvey.co.uk/id/7000000000021698,http://data.ordnancesurvey.co.uk/ontology/admingeo/District,North Yorkshire,http://data.ordnancesurvey.co.uk/id/7000000000022028,http://data.ordnancesurvey.co.uk/ontology/admingeo/County,Yorkshire and the Humber,http://data.ordnancesurvey.co.uk/id/7000000000041430,England,http://data.ordnancesurvey.co.uk/id/country/england,,,
osgb4000000074693038,http://data.ordnancesurvey.co.uk/id/4000000074693038,High Cow Close Plantation,,,,landcover,Woodland Or Forest,382883,465197,1000,400000,382633,464937,383133,465437,BD24,http://data.ordnancesurvey.co.uk/id/postcodedistrict/BD24,,,,Craven,http://data.ordnancesurvey.co.uk/id/7000000000021698,http://data.ordnancesurvey.co.uk/ontology/admingeo/District,North Yorkshire,http://data.ordnancesurvey.co.uk/id/7000000000022028,http://data.ordnancesurvey.co.uk/ontology/admingeo/County,Yorkshire and the Humber,http://data.ordnancesurvey.co.uk/id/7000000000041430,England,http://data.ordnancesurvey.co.uk/id/country/england,,,
osgb4000000074744386,http://data.ordnancesurvey.co.uk/id/4000000074744386,Wilson's Pasture,,,,landcover,Other Landcover,389375,473799,7000,800000,388885,473262,389865,474352,BD23,http://data.ordnancesurvey.co.uk/id/postcodedistrict/BD23,,,,Craven,http://data.ordnancesurvey.co.uk/id/7000000000021698,http://data.ordnancesurvey.co.uk/ontology/admingeo/District,North Yorkshire,http://data.ordnancesurvey.co.uk/id/7000000000022028,http://data.ordnancesurvey.co.uk/ontology/admingeo/County,Yorkshire and the Humber,http://data.ordnancesurvey.co.uk/id/7000000000041430,England,http://data.ordnancesurvey.co.uk/id/country/england,,,
osgb4000000074812946,http://data.ordnancesurvey.co.uk/id/4000000074812946,Birkwith Allotment,,,,landcover,Other Landcover,382869,477221,9000,1300000,382215,476547,383523,477995,BD23,http://data.ordnancesurvey.co.uk/id/postcodedistrict/BD23,,,,Craven,http://data.ordnancesurvey.co.uk/id/7000000000021698,http://data.ordnancesurvey.co.uk/ontology/admingeo/District,North Yorkshire,http://data.ordnancesurvey.co.uk/id/7000000000022028,http://data.ordnancesurvey.co.uk/ontology/admingeo/County,Yorkshire and the Humber,http://data.ordnancesurvey.co.uk/id/7000000000041430,England,http://data.ordnancesurvey.co.uk/id/country/england,,,
osgb4000000074693422,http://data.ordnancesurvey.co.uk/id/4000000074693422,Longcroft Plantation,,,,landcover,Woodland Or Forest,381956,461950,1000,400000,381707,461700,382207,462200,BD24,http://data.ordnancesurvey.co.uk/id/postcodedistrict/BD24,,,,Craven,http://data.ordnancesurvey.co.uk/id/7000000000021698,http://data.ordnancesurvey.co.uk/ontology/admingeo/District,North Yorkshire,http://data.ordnancesurvey.co.uk/id/7000000000022028,http://data.ordnancesurvey.co.uk/ontology/admingeo/County,Yorkshire and the Humber,http://data.ordnancesurvey.co.uk/id/7000000000041430,England,http://data.ordnancesurvey.co.uk/id/country/england,,,
osgb4000000074738812,http://data.ordnancesurvey.co.uk/id/4000000074738812,Barstow's Kilnsey Moor,,,,landcover,Other Landcover,395232,467371,7000,1300000,394786,466952,395852,467790,BD23,http://data.ordnancesurvey.co.uk/id/postcodedistrict/BD23,,,,Craven,http://data.ordnancesurvey.co.uk/id/7000000000021698,http://data.ordnancesurvey.co.uk/ontology/admingeo/District,North Yorkshire,http://data.ordnancesurvey.co.uk/id/7000000000022028,http://data.ordnancesurvey.co.uk/ontology/admingeo/County,Yorkshire and the Humber,http://data.ordnancesurvey.co.uk/id/7000000000041430,England,http://data.ordnancesurvey.co.uk/id/country/england,,,
osgb4000000074693838,http://data.ordnancesurvey.co.uk/id/4000000074693838,Craven Bank Plantation,,,,landcover,Woodland Or Forest,380773,464155,1000,400000,380523,463859,381023,464359,BD24,http://data.ordnancesurvey.co.uk/id/postcodedistrict/BD24,,,,Craven,http://data.ordnancesurvey.co.uk/id/7000000000021698,http://data.ordnancesurvey.co.uk/ontology/admingeo/District,North Yorkshire,http://data.ordnancesurvey.co.uk/id/7000000000022028,http://data.ordnancesurvey.co.uk/ontology/admingeo/County,Yorkshire and the Humber,http://data.ordnancesurvey.co.uk/id/7000000000041430,England,http://data.ordnancesurvey.co.uk/id/country/england,,,
osgb4000000074771168,http://data.ordnancesurvey.co.uk/id/4000000074771168,Rough Hill,,,,landform,Hill Or Mountain,380876,476727,1000,300000,380626,476477,381126,476977,BD24,http://data.ordnancesurvey.co.uk/id/postcodedistrict/BD24,,,,Craven,http://data.ordnancesurvey.co.uk/id/7000000000021698,http://data.ordnancesurvey.co.uk/ontology/admingeo/District,North Yorkshire,http://data.ordnancesurvey.co.uk/id/7000000000022028,http://data.ordnancesurvey.co.uk/ontology/admingeo/County,Yorkshire and the Humber,http://data.ordnancesurvey.co.uk/id/7000000000041430,England,http://data.ordnancesurvey.co.uk/id/country/england,,,
osgb4000000074620574,http://data.ordnancesurvey.co.uk/id/4000000074620574,Brown Haw,,,,landform,Hill Or Mountain,399521,479897,1000,300000,399271,479647,399771,480147,DL8,http://data.ordnancesurvey.co.uk/id/postcodedistrict/DL8,,,,Richmondshire,http://data.ordnancesurvey.co.uk/id/7000000000021986,http://data.ordnancesurvey.co.uk/ontology/admingeo/District,North Yorkshire,http://data.ordnancesurvey.co.uk/id/7000000000022028,http://data.ordnancesurvey.co.uk/ontology/admingeo/County,Yorkshire and the Humber,http://data.ordnancesurvey.co.uk/id/7000000000041430,England,http://data.ordnancesurvey.co.uk/id/country/england,,,
osgb4000000074738815,http://data.ordnancesurvey.co.uk/id/4000000074738815,Tarn Moss,,,,landcover,Other Landcover,388622,466762,5000,1300000,388243,466313,389000,467157,BD24,http://data.ordnancesurvey.co.uk/id/postcodedistrict/BD24,,,,Craven,http://data.ordnancesurvey.co.uk/id/7000000000021698,http://data.ordnancesurvey.co.uk/ontology/admingeo/District,North Yorkshire,http://data.ordnancesurvey.co.uk/id/7000000000022028,http://data.ordnancesurvey.co.uk/ontology/admingeo/County,Yorkshire and the Humber,http://data.ordnancesurvey.co.uk/id/7000000000041430,England,http://data.ordnancesurvey.co.uk/id/country/england,,,
osgb4000000074693830,http://data.ordnancesurvey.co.uk/id/4000000074693830,Hawkswick Wood,,,,landcover,Woodland Or Forest,394619,471392,3000,400000,394333,471133,394854,471651,BD23,http://data.ordnancesurvey.co.uk/id/postcodedistrict/BD23,,,,Craven,http://data.ordnancesurvey.co.uk/id/7000000000021698,http://data.ordnancesurvey.co.uk/ontology/admingeo/District,North Yorkshire,http://data.ordnancesurvey.co.uk/id/7000000000022028,http://data.ordnancesurvey.co.uk/ontology/admingeo/County,Yorkshire and the Humber,http://data.ordnancesurvey.co.uk/id/7000000000041430,England,http://data.ordnancesurvey.co.uk/id/country/england,,,
osgb4000000074739007,http://data.ordnancesurvey.co.uk/id/4000000074739007,Threshfield Moor,,,,landcover,Other Landcover,396399,462653,25000,1300000,394907,460982,397892,464772,BD23,http://data.ordnancesurvey.co.uk/id/postcodedistrict/BD23,,,,Craven,http://data.ordnancesurvey.co.uk/id/7000000000021698,http://data.ordnancesurvey.co.uk/ontology/admingeo/District,North Yorkshire,http://data.ordnancesurvey.co.uk/id/7000000000022028,http://data.ordnancesurvey.co.uk/ontology/admingeo/County,Yorkshire and the Humber,http://data.ordnancesurvey.co.uk/id/7000000000041430,England,http://data.ordnancesurvey.co.uk/id/country/england,,,
osgb4000000074692222,http://data.ordnancesurvey.co.uk/id/4000000074692222,Bull Coppy Plantation,,,,landcover,Woodland Or Forest,399711,463131,1000,400000,399469,462881,399969,463381,BD23,http://data.ordnancesurvey.co.uk/id/postcodedistrict/BD23,,,,Craven,http://data.ordnancesurvey.co.uk/id/7000000000021698,http://data.ordnancesurvey.co.uk/ontology/admingeo/District,North Yorkshire,http://data.ordnancesurvey.co.uk/id/7000000000022028,http://data.ordnancesurvey.co.uk/ontology/admingeo/County,Yorkshire and the Humber,http://data.ordnancesurvey.co.uk/id/7000000000041430,England,http://data.ordnancesurvey.co.uk/id/country/england,,,
osgb4000000074593072,http://data.ordnancesurvey.co.uk/id/4000000074593072,Malhamdale,,,,landform,Valley,389758,462496,22000,800000,388933,460779,390584,464163,BD23,http://data.ordnancesurvey.co.uk/id/postcodedistrict/BD23,,,,Craven,http://data.ordnancesurvey.co.uk/id/7000000000021698,http://data.ordnancesurvey.co.uk/ontology/admingeo/District,North Yorkshire,http://data.ordnancesurvey.co.uk/id/7000000000022028,http://data.ordnancesurvey.co.uk/ontology/admingeo/County,Yorkshire and the Humber,http://data.ordnancesurvey.co.uk/id/7000000000041430,England,http://data.ordnancesurvey.co.uk/id/country/england,,,
osgb4000000074738584,http://data.ordnancesurvey.co.uk/id/4000000074738584,Calton Moor,,,,landcover,Other Landcover,392090,461040,19000,1300000,391485,459895,392695,462887,BD23,http://data.ordnancesurvey.co.uk/id/postcodedistrict/BD23,,,,Craven,http://data.ordnancesurvey.co.uk/id/7000000000021698,http://data.ordnancesurvey.co.uk/ontology/admingeo/District,North Yorkshire,http://data.ordnancesurvey.co.uk/id/7000000000022028,http://data.ordnancesurvey.co.uk/ontology/admingeo/County,Yorkshire and the Humber,http://data.ordnancesurvey.co.uk/id/7000000000041430,England,http://data.ordnancesurvey.co.uk/id/country/england,,,
osgb4000000074739137,http://data.ordnancesurvey.co.uk/id/4000000074739137,Horton Moor,,,,landcover,Other Landcover,382736,474785,14000,1300000,381673,474040,383883,475531,BD24,http://data.ordnancesurvey.co.uk/id/postcodedistrict/BD24,,,,Craven,http://data.ordnancesurvey.co.uk/id/7000000000021698,http://data.ordnancesurvey.co.uk/ontology/admingeo/District,North Yorkshire,http://data.ordnancesurvey.co.uk/id/7000000000022028,http://data.ordnancesurvey.co.uk/ontology/admingeo/County,Yorkshire and the Humber,http://data.ordnancesurvey.co.uk/id/7000000000041430,England,http://data.ordnancesurvey.co.uk/id/country/england,,,
osgb4000000074691831,http://data.ordnancesurvey.co.uk/id/4000000074691831,Little Gordale Wood,,,,landcover,Woodland Or Forest,390962,463211,1000,400000,390712,462935,391212,463435,BD23,http://data.ordnancesurvey.co.uk/id/postcodedistrict/BD23,,,,Craven,http://data.ordnancesurvey.co.uk/id/7000000000021698,http://data.ordnancesurvey.co.uk/ontology/admingeo/District,North Yorkshire,http://data.ordnancesurvey.co.uk/id/7000000000022028,http://data.ordnancesurvey.co.uk/ontology/admingeo/County,Yorkshire and the Humber,http://data.ordnancesurvey.co.uk/id/7000000000041430,England,http://data.ordnancesurvey.co.uk/id/country/england,,,
osgb4000000074616788,http://data.ordnancesurvey.co.uk/id/4000000074616788,Springs Wood,,,,landcover,Woodland Or Forest,395849,474324,2000,400000,395599,474078,396099,474578,BD23,http://data.ordnancesurvey.co.uk/id/postcodedistrict/BD23,,,,Craven,http://data.ordnancesurvey.co.uk/id/7000000000021698,http://data.ordnancesurvey.co.uk/ontology/admingeo/District,North Yorkshire,http://data.ordnancesurvey.co.uk/id/7000000000022028,http://data.ordnancesurvey.co.uk/ontology/admingeo/County,Yorkshire and the Humber,http://data.ordnancesurvey.co.uk/id/7000000000041430,England,http://data.ordnancesurvey.co.uk/id/country/england,,,
osgb4000000074740310,http://data.ordnancesurvey.co.uk/id/4000000074740310,Birkwith Moor,,,,landcover,Other Landcover,381867,477228,6000,1300000,381418,476737,382310,477720,BD24,http://data.ordnancesurvey.co.uk/id/postcodedistrict/BD24,,,,Craven,http://data.ordnancesurvey.co.uk/id/7000000000021698,http://data.ordnancesurvey.co.uk/ontology/admingeo/District,North Yorkshire,http://data.ordnancesurvey.co.uk/id/7000000000022028,http://data.ordnancesurvey.co.uk/ontology/admingeo/County,Yorkshire and the Humber,http://data.ordnancesurvey.co.uk/id/7000000000041430,England,http://data.ordnancesurvey.co.uk/id/country/england,,,
osgb4000000074692229,http://data.ordnancesurvey.co.uk/id/4000000074692229,Bull's Common Wood,,,,landcover,Woodland Or Forest,390790,473371,1000,400000,390550,473121,391050,473621,BD23,http://data.ordnancesurvey.co.uk/id/postcodedistrict/BD23,,,,Craven,http://data.ordnancesurvey.co.uk/id/7000000000021698,http://data.ordnancesurvey.co.uk/ontology/admingeo/District,North Yorkshire,http://data.ordnancesurvey.co.uk/id/7000000000022028,http://data.ordnancesurvey.co.uk/ontology/admingeo/County,Yorkshire and the Humber,http://data.ordnancesurvey.co.uk/id/7000000000041430,England,http://data.ordnancesurvey.co.uk/id/country/england,,,
osgb4000000074744551,http://data.ordnancesurvey.co.uk/id/4000000074744551,Skell Gill Pasture,,,,landcover,Other Landcover,381722,473501,4000,1300000,381472,473183,381972,473781,BD24,http://data.ordnancesurvey.co.uk/id/postcodedistrict/BD24,,,,Craven,http://data.ordnancesurvey.co.uk/id/7000000000021698,http://data.ordnancesurvey.co.uk/ontology/admingeo/District,North Yorkshire,http://data.ordnancesurvey.co.uk/id/7000000000022028,http://data.ordnancesurvey.co.uk/ontology/admingeo/County,Yorkshire and the Humber,http://data.ordnancesurvey.co.uk/id/7000000000041430,England,http://data.ordnancesurvey.co.uk/id/country/england,,,
osgb4000000074739052,http://data.ordnancesurvey.co.uk/id/4000000074739052,Town End Fields,,,,landcover,Other Landcover,397008,472064,2000,800000,396752,471814,397252,472314,BD23,http://data.ordnancesurvey.co.uk/id/postcodedistrict/BD23,,,,Craven,http://data.ordnancesurvey.co.uk/id/7000000000021698,http://data.ordnancesurvey.co.uk/ontology/admingeo/District,North Yorkshire,http://data.ordnancesurvey.co.uk/id/7000000000022028,http://data.ordnancesurvey.co.uk/ontology/admingeo/County,Yorkshire and the Humber,http://data.ordnancesurvey.co.uk/id/7000000000041430,England,http://data.ordnancesurvey.co.uk/id/country/england,,,
osgb4000000074693022,http://data.ordnancesurvey.co.uk/id/4000000074693022,Pond Plantation,,,,landcover,Woodland Or Forest,382097,461659,1000,400000,381847,461409,382347,461909,BD24,http://data.ordnancesurvey.co.uk/id/postcodedistrict/BD24,,,,Craven,http://data.ordnancesurvey.co.uk/id/7000000000021698,http://data.ordnancesurvey.co.uk/ontology/admingeo/District,North Yorkshire,http://data.ordnancesurvey.co.uk/id/7000000000022028,http://data.ordnancesurvey.co.uk/ontology/admingeo/County,Yorkshire and the Humber,http://data.ordnancesurvey.co.uk/id/7000000000041430,England,http://data.ordnancesurvey.co.uk/id/country/england,,,
osgb4000000074599225,http://data.ordnancesurvey.co.uk/id/4000000074599225,Pen-y-ghent,,,,landform,Hill Or Mountain,383853,473383,1000,300000,383603,473133,384103,473633,BD24,http://data.ordnancesurvey.co.uk/id/postcodedistrict/BD24,,,,Craven,http://data.ordnancesurvey.co.uk/id/7000000000021698,http://data.ordnancesurvey.co.uk/ontology/admingeo/District,North Yorkshire,http://data.ordnancesurvey.co.uk/id/7000000000022028,http://data.ordnancesurvey.co.uk/ontology/admingeo/County,Yorkshire and the Humber,http://data.ordnancesurvey.co.uk/id/7000000000041430,England,http://data.ordnancesurvey.co.uk/id/country/england,,,
osgb4000000074739232,http://data.ordnancesurvey.co.uk/id/4000000074739232,Bordley Hall Pasture,,,,landcover,Other Landcover,392920,466674,12000,800000,392563,465531,393277,467394,BD23,http://data.ordnancesurvey.co.uk/id/postcodedistrict/BD23,,,,Craven,http://data.ordnancesurvey.co.uk/id/7000000000021698,http://data.ordnancesurvey.co.uk/ontology/admingeo/District,North Yorkshire,http://data.ordnancesurvey.co.uk/id/7000000000022028,http://data.ordnancesurvey.co.uk/ontology/admingeo/County,Yorkshire and the Humber,http://data.ordnancesurvey.co.uk/id/7000000000041430,England,http://data.ordnancesurvey.co.uk/id/country/england,,,
osgb4000000074744382,http://data.ordnancesurvey.co.uk/id/4000000074744382,Light Beds,,,,landcover,Other Landcover,397464,472310,1000,800000,397218,472060,397718,472560,BD23,http://data.ordnancesurvey.co.uk/id/postcodedistrict/BD23,,,,Craven,http://data.ordnancesurvey.co.uk/id/7000000000021698,http://data.ordnancesurvey.co.uk/ontology/admingeo/District,North Yorkshire,http://data.ordnancesurvey.co.uk/id/7000000000022028,http://data.ordnancesurvey.co.uk/ontology/admingeo/County,Yorkshire and the Humber,http://data.ordnancesurvey.co.uk/id/7000000000041430,England,http://data.ordnancesurvey.co.uk/id/country/england,,,
osgb4000000074739191,http://data.ordnancesurvey.co.uk/id/4000000074739191,Lea Green,,,,landcover,Other Landcover,399701,465824,10000,1300000,399225,465072,400177,466555,BD23,http://data.ordnancesurvey.co.uk/id/postcodedistrict/BD23,,,,Craven,http://data.ordnancesurvey.co.uk/id/7000000000021698,http://data.ordnancesurvey.co.uk/ontology/admingeo/District,North Yorkshire,http://data.ordnancesurvey.co.uk/id/7000000000022028,http://data.ordnancesurvey.co.uk/ontology/admingeo/County,Yorkshire and the Humber,http://data.ordnancesurvey.co.uk/id/7000000000041430,England,http://data.ordnancesurvey.co.uk/id/country/england,,,
osgb4000000074692633,http://data.ordnancesurvey.co.uk/id/4000000074692633,Fosse Wood,,,,landcover,Woodland Or Forest,390548,473630,1000,400000,390302,473381,390802,473881,BD23,http://data.ordnancesurvey.co.uk/id/postcodedistrict/BD23,,,,Craven,http://data.ordnancesurvey.co.uk/id/7000000000021698,http://data.ordnancesurvey.co.uk/ontology/admingeo/District,North Yorkshire,http://data.ordnancesurvey.co.uk/id/7000000000022028,http://data.ordnancesurvey.co.uk/ontology/admingeo/County,Yorkshire and the Humber,http://data.ordnancesurvey.co.uk/id/7000000000041430,England,http://data.ordnancesurvey.co.uk/id/country/england,,,
osgb4000000074739304,http://data.ordnancesurvey.co.uk/id/4000000074739304,Great Scoska Moor,,,,landcover,Other Landcover,390317,473115,9000,800000,389690,472306,390945,473659,BD23,http://data.ordnancesurvey.co.uk/id/postcodedistrict/BD23,,,,Craven,http://data.ordnancesurvey.co.uk/id/7000000000021698,http://data.ordnancesurvey.co.uk/ontology/admingeo/District,North Yorkshire,http://data.ordnancesurvey.co.uk/id/7000000000022028,http://data.ordnancesurvey.co.uk/ontology/admingeo/County,Yorkshire and the Humber,http://data.ordnancesurvey.co.uk/id/7000000000041430,England,http://data.ordnancesurvey.co.uk/id/country/england,,,
osgb4000000074729776,http://data.ordnancesurvey.co.uk/id/4000000074729776,Hem Gill Shaw,,,,landcover,Other Landcover,399782,476014,12000,1300000,398886,475188,400679,476861,BD23,http://data.ordnancesurvey.co.uk/id/postcodedistrict/BD23,,,,Richmondshire,http://data.ordnancesurvey.co.uk/id/7000000000021986,http://data.ordnancesurvey.co.uk/ontology/admingeo/District,North Yorkshire,http://data.ordnancesurvey.co.uk/id/7000000000022028,http://data.ordnancesurvey.co.uk/ontology/admingeo/County,Yorkshire and the Humber,http://data.ordnancesurvey.co.uk/id/7000000000041430,England,http://data.ordnancesurvey.co.uk/id/country/england,,,
osgb4000000074691836,http://data.ordnancesurvey.co.uk/id/4000000074691836,Priest Flat Wood,,,,landcover,Woodland Or Forest,391092,472948,2000,400000,390842,472707,391342,473207,BD23,http://data.ordnancesurvey.co.uk/id/postcodedistrict/BD23,,,,Craven,http://data.ordnancesurvey.co.uk/id/7000000000021698,http://data.ordnancesurvey.co.uk/ontology/admingeo/District,North Yorkshire,http://data.ordnancesurvey.co.uk/id/7000000000022028,http://data.ordnancesurvey.co.uk/ontology/admingeo/County,Yorkshire and the Humber,http://data.ordnancesurvey.co.uk/id/7000000000041430,England,http://data.ordnancesurvey.co.uk/id/country/england,,,
osgb4000000074693427,http://data.ordnancesurvey.co.uk/id/4000000074693427,Belfort Wood,,,,landcover,Woodland Or Forest,399640,465175,1000,400000,399391,464949,399891,465449,BD23,http://data.ordnancesurvey.co.uk/id/postcodedistrict/BD23,,,,Craven,http://data.ordnancesurvey.co.uk/id/7000000000021698,http://data.ordnancesurvey.co.uk/ontology/admingeo/District,North Yorkshire,http://data.ordnancesurvey.co.uk/id/7000000000022028,http://data.ordnancesurvey.co.uk/ontology/admingeo/County,Yorkshire and the Humber,http://data.ordnancesurvey.co.uk/id/7000000000041430,England,http://data.ordnancesurvey.co.uk/id/country/england,,,
osgb4000000074739718,http://data.ordnancesurvey.co.uk/id/4000000074739718,Starbotton Fell,,,,landcover,Other Landcover,396098,477388,8000,1300000,395345,476925,396552,477852,BD23,http://data.ordnancesurvey.co.uk/id/postcodedistrict/BD23,,,,Craven,http://data.ordnancesurvey.co.uk/id/7000000000021698,http://data.ordnancesurvey.co.uk/ontology/admingeo/District,North Yorkshire,http://data.ordnancesurvey.co.uk/id/7000000000022028,http://data.ordnancesurvey.co.uk/ontology/admingeo/County,Yorkshire and the Humber,http://data.ordnancesurvey.co.uk/id/7000000000041430,England,http://data.ordnancesurvey.co.uk/id/country/england,,,
osgb4000000074694633,http://data.ordnancesurvey.co.uk/id/4000000074694633,Wood Gill Plantation,,,,landcover,Woodland Or Forest,394460,463827,2000,400000,394290,463578,394790,464078,BD23,http://data.ordnancesurvey.co.uk/id/postcodedistrict/BD23,,,,Craven,http://data.ordnancesurvey.co.uk/id/7000000000021698,http://data.ordnancesurvey.co.uk/ontology/admingeo/District,North Yorkshire,http://data.ordnancesurvey.co.uk/id/7000000000022028,http://data.ordnancesurvey.co.uk/ontology/admingeo/County,Yorkshire and the Humber,http://data.ordnancesurvey.co.uk/id/7000000000041430,England,http://data.ordnancesurvey.co.uk/id/country/england,,,
osgb4000000074739299,http://data.ordnancesurvey.co.uk/id/4000000074739299,Haw Fell Bracken Gill Ackerley Moor,,,,landcover,Other Landcover,392343,473453,8000,1300000,391766,472863,392919,474054,BD23,http://data.ordnancesurvey.co.uk/id/postcodedistrict/BD23,,,,Craven,http://data.ordnancesurvey.co.uk/id/7000000000021698,http://data.ordnancesurvey.co.uk/ontology/admingeo/District,North Yorkshire,http://data.ordnancesurvey.co.uk/id/7000000000022028,http://data.ordnancesurvey.co.uk/ontology/admingeo/County,Yorkshire and the Humber,http://data.ordnancesurvey.co.uk/id/7000000000041430,England,http://data.ordnancesurvey.co.uk/id/country/england,,,
osgb4000000074739054,http://data.ordnancesurvey.co.uk/id/4000000074739054,Little Fell Pasture,,,,landcover,Other Landcover,399002,473862,7000,1300000,398728,473343,399276,474352,BD23,http://data.ordnancesurvey.co.uk/id/postcodedistrict/BD23,,,,Craven,http://data.ordnancesurvey.co.uk/id/7000000000021698,http://data.ordnancesurvey.co.uk/ontology/admingeo/District,North Yorkshire,http://data.ordnancesurvey.co.uk/id/7000000000022028,http://data.ordnancesurvey.co.uk/ontology/admingeo/County,Yorkshire and the Humber,http://data.ordnancesurvey.co.uk/id/7000000000041430,England,http://data.ordnancesurvey.co.uk/id/country/england,,,
osgb4000000074694236,http://data.ordnancesurvey.co.uk/id/4000000074694236,Old Cote Wood,,,,landcover,Woodland Or Forest,394155,471878,1000,400000,393900,471628,394400,472128,BD23,http://data.ordnancesurvey.co.uk/id/postcodedistrict/BD23,,,,Craven,http://data.ordnancesurvey.co.uk/id/7000000000021698,http://data.ordnancesurvey.co.uk/ontology/admingeo/District,North Yorkshire,http://data.ordnancesurvey.co.uk/id/7000000000022028,http://data.ordnancesurvey.co.uk/ontology/admingeo/County,Yorkshire and the Humber,http://data.ordnancesurvey.co.uk/id/7000000000041430,England,http://data.ordnancesurvey.co.uk/id/country/england,,,
osgb4000000074739011,http://data.ordnancesurvey.co.uk/id/4000000074739011,Low Far Moor,,,,landcover,Other Landcover,395225,468123,6000,1300000,394777,467724,395677,468521,BD23,http://data.ordnancesurvey.co.uk/id/postcodedistrict/BD23,,,,Craven,http://data.ordnancesurvey.co.uk/id/7000000000021698,http://data.ordnancesurvey.co.uk/ontology/admingeo/District,North Yorkshire,http://data.ordnancesurvey.co.uk/id/7000000000022028,http://data.ordnancesurvey.co.uk/ontology/admingeo/County,Yorkshire and the Humber,http://data.ordnancesurvey.co.uk/id/7000000000041430,England,http://data.ordnancesurvey.co.uk/id/country/england,,,
osgb4000000074771633,http://data.ordnancesurvey.co.uk/id/4000000074771633,Sel Gill Hill,,,,landform,Hill Or Mountain,381282,474700,1000,300000,381032,474450,381532,474950,BD24,http://data.ordnancesurvey.co.uk/id/postcodedistrict/BD24,,,,Craven,http://data.ordnancesurvey.co.uk/id/7000000000021698,http://data.ordnancesurvey.co.uk/ontology/admingeo/District,North Yorkshire,http://data.ordnancesurvey.co.uk/id/7000000000022028,http://data.ordnancesurvey.co.uk/ontology/admingeo/County,Yorkshire and the Humber,http://data.ordnancesurvey.co.uk/id/7000000000041430,England,http://data.ordnancesurvey.co.uk/id/country/england,,,
osgb4000000074597560,http://data.ordnancesurvey.co.uk/id/4000000074597560,West Moor,,,,landcover,Other Landcover,386127,479568,16000,1300000,384932,478703,387399,480432,BD23,http://data.ordnancesurvey.co.uk/id/postcodedistrict/BD23,,,,Craven,http://data.ordnancesurvey.co.uk/id/7000000000021698,http://data.ordnancesurvey.co.uk/ontology/admingeo/District,North Yorkshire,http://data.ordnancesurvey.co.uk/id/7000000000022028,http://data.ordnancesurvey.co.uk/ontology/admingeo/County,Yorkshire and the Humber,http://data.ordnancesurvey.co.uk/id/7000000000041430,England,http://data.ordnancesurvey.co.uk/id/country/england,,,
osgb4000000074739307,http://data.ordnancesurvey.co.uk/id/4000000074739307,Scaleber Pasture,,,,landcover,Other Landcover,384477,462705,5000,1300000,384100,462391,384866,463018,BD24,http://data.ordnancesurvey.co.uk/id/postcodedistrict/BD24,,,,Craven,http://data.ordnancesurvey.co.uk/id/7000000000021698,http://data.ordnancesurvey.co.uk/ontology/admingeo/District,North Yorkshire,http://data.ordnancesurvey.co.uk/id/7000000000022028,http://data.ordnancesurvey.co.uk/ontology/admingeo/County,Yorkshire and the Humber,http://data.ordnancesurvey.co.uk/id/7000000000041430,England,http://data.ordnancesurvey.co.uk/id/country/england,,,
osgb4000000074744458,http://data.ordnancesurvey.co.uk/id/4000000074744458,Fawcett Moor,,,,landcover,Other Landcover,384098,472729,14000,1300000,383304,471580,384891,473760,BD24,http://data.ordnancesurvey.co.uk/id/postcodedistrict/BD24,,,,Craven,http://data.ordnancesurvey.co.uk/id/7000000000021698,http://data.ordnancesurvey.co.uk/ontology/admingeo/District,North Yorkshire,http://data.ordnancesurvey.co.uk/id/7000000000022028,http://data.ordnancesurvey.co.uk/ontology/admingeo/County,Yorkshire and the Humber,http://data.ordnancesurvey.co.uk/id/7000000000041430,England,http://data.ordnancesurvey.co.uk/id/country/england,,,
osgb4000000074771589,http://data.ordnancesurvey.co.uk/id/4000000074771589,High Hill,,,,landform,Hill Or Mountain,383249,463491,1000,300000,382999,463241,383499,463741,BD24,http://data.ordnancesurvey.co.uk/id/postcodedistrict/BD24,,,,Craven,http://data.ordnancesurvey.co.uk/id/7000000000021698,http://data.ordnancesurvey.co.uk/ontology/admingeo/District,North Yorkshire,http://data.ordnancesurvey.co.uk/id/7000000000022028,http://data.ordnancesurvey.co.uk/ontology/admingeo/County,Yorkshire and the Humber,http://data.ordnancesurvey.co.uk/id/7000000000041430,England,http://data.ordnancesurvey.co.uk/id/country/england,,,
osgb4000000074694640,http://data.ordnancesurvey.co.uk/id/4000000074694640,Tug Gill Beck Wood,,,,landcover,Woodland Or Forest,395926,474140,2000,400000,395677,473889,396177,474389,BD23,http://data.ordnancesurvey.co.uk/id/postcodedistrict/BD23,,,,Craven,http://data.ordnancesurvey.co.uk/id/7000000000021698,http://data.ordnancesurvey.co.uk/ontology/admingeo/District,North Yorkshire,http://data.ordnancesurvey.co.uk/id/7000000000022028,http://data.ordnancesurvey.co.uk/ontology/admingeo/County,Yorkshire and the Humber,http://data.ordnancesurvey.co.uk/id/7000000000041430,England,http://data.ordnancesurvey.co.uk/id/country/england,,,
osgb4000000073314116,http://data.ordnancesurvey.co.uk/id/4000000073314116,Threshfield Court,,,,other,Medical Care Accommodation,399427,463829,1000,50000,399177,463561,399677,464061,BD23,http://data.ordnancesurvey.co.uk/id/postcodedistrict/BD23,Threshfield,http://data.ordnancesurvey.co.uk/id/4000000074564035,http://www.ordnancesurvey.co.uk/xml/codelists/localtype.xml#village,Craven,http://data.ordnancesurvey.co.uk/id/7000000000021698,http://data.ordnancesurvey.co.uk/ontology/admingeo/District,North Yorkshire,http://data.ordnancesurvey.co.uk/id/7000000000022028,http://data.ordnancesurvey.co.uk/ontology/admingeo/County,Yorkshire and the Humber,http://data.ordnancesurvey.co.uk/id/7000000000041430,England,http://data.ordnancesurvey.co.uk/id/country/england,,,
osgb4000000073318640,http://data.ordnancesurvey.co.uk/id/4000000073318640,Settle,,,,transportNetwork,Railway Station,381742,463481,1000,50000,381492,463214,381992,463714,BD24,http://data.ordnancesurvey.co.uk/id/postcodedistrict/BD24,Settle,http://data.ordnancesurvey.co.uk/id/4000000074565008,http://www.ordnancesurvey.co.uk/xml/codelists/localtype.xml#town,Craven,http://data.ordnancesurvey.co.uk/id/7000000000021698,http://data.ordnancesurvey.co.uk/ontology/admingeo/District,North Yorkshire,http://data.ordnancesurvey.co.uk/id/7000000000022028,http://data.ordnancesurvey.co.uk/ontology/admingeo/County,Yorkshire and the Humber,http://data.ordnancesurvey.co.uk/id/7000000000041430,England,http://data.ordnancesurvey.co.uk/id/country/england,,,
osgb4000000073318642,http://data.ordnancesurvey.co.uk/id/4000000073318642,Settle College,,,,other,Secondary Education,381434,464031,2000,50000,381218,463781,381718,464281,BD24,http://data.ordnancesurvey.co.uk/id/postcodedistrict/BD24,Giggleswick,http://data.ordnancesurvey.co.uk/id/4000000074565013,http://www.ordnancesurvey.co.uk/xml/codelists/localtype.xml#village,Craven,http://data.ordnancesurvey.co.uk/id/7000000000021698,http://data.ordnancesurvey.co.uk/ontology/admingeo/District,North Yorkshire,http://data.ordnancesurvey.co.uk/id/7000000000022028,http://data.ordnancesurvey.co.uk/ontology/admingeo/County,Yorkshire and the Humber,http://data.ordnancesurvey.co.uk/id/7000000000041430,England,http://data.ordnancesurvey.co.uk/id/country/england,,,
osgb4000000073314120,http://data.ordnancesurvey.co.uk/id/4000000073314120,Kettlewell Primary School,,,,other,Primary Education,396602,472752,1000,50000,396350,472503,396850,473003,BD23,http://data.ordnancesurvey.co.uk/id/postcodedistrict/BD23,,,,Craven,http://data.ordnancesurvey.co.uk/id/7000000000021698,http://data.ordnancesurvey.co.uk/ontology/admingeo/District,North Yorkshire,http://data.ordnancesurvey.co.uk/id/7000000000022028,http://data.ordnancesurvey.co.uk/ontology/admingeo/County,Yorkshire and the Humber,http://data.ordnancesurvey.co.uk/id/7000000000041430,England,http://data.ordnancesurvey.co.uk/id/country/england,,,
osgb4000000073318644,http://data.ordnancesurvey.co.uk/id/4000000073318644,Giggleswick,,,,transportNetwork,Railway Station,380282,462926,1000,50000,380033,462685,380533,463185,BD24,http://data.ordnancesurvey.co.uk/id/postcodedistrict/BD24,,,,Craven,http://data.ordnancesurvey.co.uk/id/7000000000021698,http://data.ordnancesurvey.co.uk/ontology/admingeo/District,North Yorkshire,http://data.ordnancesurvey.co.uk/id/7000000000022028,http://data.ordnancesurvey.co.uk/ontology/admingeo/County,Yorkshire and the Humber,http://data.ordnancesurvey.co.uk/id/7000000000041430,England,http://data.ordnancesurvey.co.uk/id/country/england,,,
osgb4000000073318717,http://data.ordnancesurvey.co.uk/id/4000000073318717,Giggleswick School,,,,other,Non State Secondary Education,380701,463934,4000,50000,380565,463789,381170,464420,BD24,http://data.ordnancesurvey.co.uk/id/postcodedistrict/BD24,,,,Craven,http://data.ordnancesurvey.co.uk/id/7000000000021698,http://data.ordnancesurvey.co.uk/ontology/admingeo/District,North Yorkshire,http://data.ordnancesurvey.co.uk/id/7000000000022028,http://data.ordnancesurvey.co.uk/ontology/admingeo/County,Yorkshire and the Humber,http://data.ordnancesurvey.co.uk/id/7000000000041430,England,http://data.ordnancesurvey.co.uk/id/country/england,,,
osgb5000005241246369,http://data.ordnancesurvey.co.uk/id/5000005241246369,Kirkby in Malhamdale Primary School,,,,other,Primary Education,389817,461856,1000,50000,389567,461583,390067,462083,BD23,http://data.ordnancesurvey.co.uk/id/postcodedistrict/BD23,,,,Craven,http://data.ordnancesurvey.co.uk/id/7000000000021698,http://data.ordnancesurvey.co.uk/ontology/admingeo/District,North Yorkshire,http://data.ordnancesurvey.co.uk/id/7000000000022028,http://data.ordnancesurvey.co.uk/ontology/admingeo/County,Yorkshire and the Humber,http://data.ordnancesurvey.co.uk/id/7000000000041430,England,http://data.ordnancesurvey.co.uk/id/country/england,,,
osgb4000000073313406,http://data.ordnancesurvey.co.uk/id/4000000073313406,Horton-In-Ribblesdale Church Of England (Voluntary Aided) Primary School,,,,other,Primary Education,381225,472266,1000,50000,380970,472017,381470,472517,BD24,http://data.ordnancesurvey.co.uk/id/postcodedistrict/BD24,Horton in Ribblesdale,http://data.ordnancesurvey.co.uk/id/4000000074565640,http://www.ordnancesurvey.co.uk/xml/codelists/localtype.xml#village,Craven,http://data.ordnancesurvey.co.uk/id/7000000000021698,http://data.ordnancesurvey.co.uk/ontology/admingeo/District,North Yorkshire,http://data.ordnancesurvey.co.uk/id/7000000000022028,http://data.ordnancesurvey.co.uk/ontology/admingeo/County,Yorkshire and the Humber,http://data.ordnancesurvey.co.uk/id/7000000000041430,England,http://data.ordnancesurvey.co.uk/id/country/england,,,
osgb4000000074739298,http://data.ordnancesurvey.co.uk/id/4000000074739298,Old Cote Moor,,,,landcover,Other Landcover,393448,473056,16000,1300000,392384,471877,394785,474235,BD23,http://data.ordnancesurvey.co.uk/id/postcodedistrict/BD23,,,,Craven,http://data.ordnancesurvey.co.uk/id/7000000000021698,http://data.ordnancesurvey.co.uk/ontology/admingeo/District,North Yorkshire,http://data.ordnancesurvey.co.uk/id/7000000000022028,http://data.ordnancesurvey.co.uk/ontology/admingeo/County,Yorkshire and the Humber,http://data.ordnancesurvey.co.uk/id/7000000000041430,England,http://data.ordnancesurvey.co.uk/id/country/england,,,
osgb4000000074693831,http://data.ordnancesurvey.co.uk/id/4000000074693831,Castlbergh Plantation,,,,landcover,Woodland Or Forest,393859,471521,1000,400000,393610,471284,394110,471784,BD23,http://data.ordnancesurvey.co.uk/id/postcodedistrict/BD23,,,,Craven,http://data.ordnancesurvey.co.uk/id/7000000000021698,http://data.ordnancesurvey.co.uk/ontology/admingeo/District,North Yorkshire,http://data.ordnancesurvey.co.uk/id/7000000000022028,http://data.ordnancesurvey.co.uk/ontology/admingeo/County,Yorkshire and the Humber,http://data.ordnancesurvey.co.uk/id/7000000000041430,England,http://data.ordnancesurvey.co.uk/id/country/england,,,
osgb4000000074739239,http://data.ordnancesurvey.co.uk/id/4000000074739239,Low Cote Moor,,,,landcover,Other Landcover,393283,469889,8000,1300000,392663,469324,393894,470453,BD23,http://data.ordnancesurvey.co.uk/id/postcodedistrict/BD23,,,,Craven,http://data.ordnancesurvey.co.uk/id/7000000000021698,http://data.ordnancesurvey.co.uk/ontology/admingeo/District,North Yorkshire,http://data.ordnancesurvey.co.uk/id/7000000000022028,http://data.ordnancesurvey.co.uk/ontology/admingeo/County,Yorkshire and the Humber,http://data.ordnancesurvey.co.uk/id/7000000000041430,England,http://data.ordnancesurvey.co.uk/id/country/england,,,
osgb4000000074594004,http://data.ordnancesurvey.co.uk/id/4000000074594004,High Green Field Knott,,,,landform,Hill Or Mountain,384546,478429,1000,300000,384296,478179,384796,478679,BD23,http://data.ordnancesurvey.co.uk/id/postcodedistrict/BD23,,,,Craven,http://data.ordnancesurvey.co.uk/id/7000000000021698,http://data.ordnancesurvey.co.uk/ontology/admingeo/District,North Yorkshire,http://data.ordnancesurvey.co.uk/id/7000000000022028,http://data.ordnancesurvey.co.uk/ontology/admingeo/County,Yorkshire and the Humber,http://data.ordnancesurvey.co.uk/id/7000000000041430,England,http://data.ordnancesurvey.co.uk/id/country/england,,,
osgb4000000074692233,http://data.ordnancesurvey.co.uk/id/4000000074692233,Howbeck Wood,,,,landcover,Woodland Or Forest,391409,473890,1000,400000,391158,473641,391658,474141,BD23,http://data.ordnancesurvey.co.uk/id/postcodedistrict/BD23,,,,Craven,http://data.ordnancesurvey.co.uk/id/7000000000021698,http://data.ordnancesurvey.co.uk/ontology/admingeo/District,North Yorkshire,http://data.ordnancesurvey.co.uk/id/7000000000022028,http://data.ordnancesurvey.co.uk/ontology/admingeo/County,Yorkshire and the Humber,http://data.ordnancesurvey.co.uk/id/7000000000041430,England,http://data.ordnancesurvey.co.uk/id/country/england,,,
osgb4000000074673459,http://data.ordnancesurvey.co.uk/id/4000000074673459,Hubberholme Wood,,,,landcover,Woodland Or Forest,392438,478655,5000,400000,392158,478405,392856,478905,BD23,http://data.ordnancesurvey.co.uk/id/postcodedistrict/BD23,,,,Craven,http://data.ordnancesurvey.co.uk/id/7000000000021698,http://data.ordnancesurvey.co.uk/ontology/admingeo/District,North Yorkshire,http://data.ordnancesurvey.co.uk/id/7000000000022028,http://data.ordnancesurvey.co.uk/ontology/admingeo/County,Yorkshire and the Humber,http://data.ordnancesurvey.co.uk/id/7000000000041430,England,http://data.ordnancesurvey.co.uk/id/country/england,,,
osgb4000000074621345,http://data.ordnancesurvey.co.uk/id/4000000074621345,Plover Hill,,,,landform,Hill Or Mountain,384874,475199,1000,300000,384624,474949,385124,475449,BD23,http://data.ordnancesurvey.co.uk/id/postcodedistrict/BD23,,,,Craven,http://data.ordnancesurvey.co.uk/id/7000000000021698,http://data.ordnancesurvey.co.uk/ontology/admingeo/District,North Yorkshire,http://data.ordnancesurvey.co.uk/id/7000000000022028,http://data.ordnancesurvey.co.uk/ontology/admingeo/County,Yorkshire and the Humber,http://data.ordnancesurvey.co.uk/id/7000000000041430,England,http://data.ordnancesurvey.co.uk/id/country/england,,,
osgb4000000074697938,http://data.ordnancesurvey.co.uk/id/4000000074697938,Ratts Plantation,,,,landcover,Woodland Or Forest,396704,461047,1000,400000,396424,460797,396924,461297,BD23,http://data.ordnancesurvey.co.uk/id/postcodedistrict/BD23,,,,Craven,http://data.ordnancesurvey.co.uk/id/7000000000021698,http://data.ordnancesurvey.co.uk/ontology/admingeo/District,North Yorkshire,http://data.ordnancesurvey.co.uk/id/7000000000022028,http://data.ordnancesurvey.co.uk/ontology/admingeo/County,Yorkshire and the Humber,http://data.ordnancesurvey.co.uk/id/7000000000041430,England,http://data.ordnancesurvey.co.uk/id/country/england,,,
osgb4000000073313405,http://data.ordnancesurvey.co.uk/id/4000000073313405,Horton in Ribblesdale,,,,transportNetwork,Railway Station,380371,472661,1000,50000,380116,472390,380616,472890,BD24,http://data.ordnancesurvey.co.uk/id/postcodedistrict/BD24,Horton in Ribblesdale,http://data.ordnancesurvey.co.uk/id/4000000074565640,http://www.ordnancesurvey.co.uk/xml/codelists/localtype.xml#village,Craven,http://data.ordnancesurvey.co.uk/id/7000000000021698,http://data.ordnancesurvey.co.uk/ontology/admingeo/District,North Yorkshire,http://data.ordnancesurvey.co.uk/id/7000000000022028,http://data.ordnancesurvey.co.uk/ontology/admingeo/County,Yorkshire and the Humber,http://data.ordnancesurvey.co.uk/id/7000000000041430,England,http://data.ordnancesurvey.co.uk/id/country/england,,,
osgb4000000074770889,http://data.ordnancesurvey.co.uk/id/4000000074770889,Badger Hill,,,,landform,Hill Or Mountain,389937,461338,1000,300000,389687,461088,390187,461588,BD23,http://data.ordnancesurvey.co.uk/id/postcodedistrict/BD23,,,,Craven,http://data.ordnancesurvey.co.uk/id/7000000000021698,http://data.ordnancesurvey.co.uk/ontology/admingeo/District,North Yorkshire,http://data.ordnancesurvey.co.uk/id/7000000000022028,http://data.ordnancesurvey.co.uk/ontology/admingeo/County,Yorkshire and the Humber,http://data.ordnancesurvey.co.uk/id/7000000000041430,England,http://data.ordnancesurvey.co.uk/id/country/england,,,
osgb4000000074764823,http://data.ordnancesurvey.co.uk/id/4000000074764823,Back Pasture Hill,,,,landform,Hill Or Mountain,390521,468094,1000,300000,390271,467844,390771,468344,BD24,http://data.ordnancesurvey.co.uk/id/postcodedistrict/BD24,,,,Craven,http://data.ordnancesurvey.co.uk/id/7000000000021698,http://data.ordnancesurvey.co.uk/ontology/admingeo/District,North Yorkshire,http://data.ordnancesurvey.co.uk/id/7000000000022028,http://data.ordnancesurvey.co.uk/ontology/admingeo/County,Yorkshire and the Humber,http://data.ordnancesurvey.co.uk/id/7000000000041430,England,http://data.ordnancesurvey.co.uk/id/country/england,,,
osgb4000000074771002,http://data.ordnancesurvey.co.uk/id/4000000074771002,Moor Head,,,,landform,Other Landform,383294,469859,3000,15000,383022,469609,383522,470109,BD24,http://data.ordnancesurvey.co.uk/id/postcodedistrict/BD24,,,,Craven,http://data.ordnancesurvey.co.uk/id/7000000000021698,http://data.ordnancesurvey.co.uk/ontology/admingeo/District,North Yorkshire,http://data.ordnancesurvey.co.uk/id/7000000000022028,http://data.ordnancesurvey.co.uk/ontology/admingeo/County,Yorkshire and the Humber,http://data.ordnancesurvey.co.uk/id/7000000000041430,England,http://data.ordnancesurvey.co.uk/id/country/england,,,
osgb4000000074738899,http://data.ordnancesurvey.co.uk/id/4000000074738899,Out Fell,,,,landcover,Other Landcover,385805,469219,15000,1300000,384613,468291,386997,470166,BD24,http://data.ordnancesurvey.co.uk/id/postcodedistrict/BD24,,,,Craven,http://data.ordnancesurvey.co.uk/id/7000000000021698,http://data.ordnancesurvey.co.uk/ontology/admingeo/District,North Yorkshire,http://data.ordnancesurvey.co.uk/id/7000000000022028,http://data.ordnancesurvey.co.uk/ontology/admingeo/County,Yorkshire and the Humber,http://data.ordnancesurvey.co.uk/id/7000000000041430,England,http://data.ordnancesurvey.co.uk/id/country/england,,,
osgb4000000074694645,http://data.ordnancesurvey.co.uk/id/4000000074694645,Fosse Wood,,,,landcover,Woodland Or Forest,394816,474619,4000,400000,394566,474128,395066,474750,BD23,http://data.ordnancesurvey.co.uk/id/postcodedistrict/BD23,,,,Craven,http://data.ordnancesurvey.co.uk/id/7000000000021698,http://data.ordnancesurvey.co.uk/ontology/admingeo/District,North Yorkshire,http://data.ordnancesurvey.co.uk/id/7000000000022028,http://data.ordnancesurvey.co.uk/ontology/admingeo/County,Yorkshire and the Humber,http://data.ordnancesurvey.co.uk/id/7000000000041430,England,http://data.ordnancesurvey.co.uk/id/country/england,,,
BD249AX,http://data.ordnancesurvey.co.uk/id/postcodeunit/BD249AX,BD24 9AX,,,,other,Postcode,381717,463183,3500,18000,,,,,,,Settle,http://data.ordnancesurvey.co.uk/id/4000000074565008,http://www.ordnancesurvey.co.uk/xml/codelists/localtype.xml#town,Craven,http://data.ordnancesurvey.co.uk/id/7000000000021698,http://data.ordnancesurvey.co.uk/ontology/admingeo/District,North Yorkshire,http://data.ordnancesurvey.co.uk/id/7000000000022028,http://data.ordnancesurvey.co.uk/ontology/admingeo/County,Yorkshire and the Humber,http://data.ordnancesurvey.co.uk/id/7000000000041430,England,http://data.ordnancesurvey.co.uk/id/country/england,,,
osgb4000000073314115,http://data.ordnancesurvey.co.uk/id/4000000073314115,Upper Wharfedale School,,,,other,Secondary Education,399290,463941,2000,50000,399010,463691,399510,464191,BD23,http://data.ordnancesurvey.co.uk/id/postcodedistrict/BD23,Threshfield,http://data.ordnancesurvey.co.uk/id/4000000074564035,http://www.ordnancesurvey.co.uk/xml/codelists/localtype.xml#village,Craven,http://data.ordnancesurvey.co.uk/id/7000000000021698,http://data.ordnancesurvey.co.uk/ontology/admingeo/District,North Yorkshire,http://data.ordnancesurvey.co.uk/id/7000000000022028,http://data.ordnancesurvey.co.uk/ontology/admingeo/County,Yorkshire and the Humber,http://data.ordnancesurvey.co.uk/id/7000000000041430,England,http://data.ordnancesurvey.co.uk/id/country/england,,,
osgb4000000009459013,http://data.ordnancesurvey.co.uk/id/4000000009459013,Falcon Gardens,,,,transportNetwork,Named Road,381735,463057,1000,20000,381735,463057,381738,463094,BD24,http://data.ordnancesurvey.co.uk/id/postcodedistrict/BD24,Settle,http://data.ordnancesurvey.co.uk/id/4000000074565008,http://www.ordnancesurvey.co.uk/xml/codelists/localtype.xml#town,Craven,http://data.ordnancesurvey.co.uk/id/7000000000021698,http://data.ordnancesurvey.co.uk/ontology/admingeo/District,North Yorkshire,http://data.ordnancesurvey.co.uk/id/7000000000022028,http://data.ordnancesurvey.co.uk/ontology/admingeo/County,Yorkshire and the Humber,http://data.ordnancesurvey.co.uk/id/7000000000041430,England,http://data.ordnancesurvey.co.uk/id/country/england,,,
osgb4000000009459123,http://data.ordnancesurvey.co.uk/id/4000000009459123,Brook House Croft,,,,transportNetwork,Named Road,382121,467203,1000,20000,382115,467193,382150,467209,BD24,http://data.ordnancesurvey.co.uk/id/postcodedistrict/BD24,Stainforth,http://data.ordnancesurvey.co.uk/id/4000000074565011,http://www.ordnancesurvey.co.uk/xml/codelists/localtype.xml#village,Craven,http://data.ordnancesurvey.co.uk/id/7000000000021698,http://data.ordnancesurvey.co.uk/ontology/admingeo/District,North Yorkshire,http://data.ordnancesurvey.co.uk/id/7000000000022028,http://data.ordnancesurvey.co.uk/ontology/admingeo/County,Yorkshire and the Humber,http://data.ordnancesurvey.co.uk/id/7000000000041430,England,http://data.ordnancesurvey.co.uk/id/country/england,,,
osgb4000000009434259,http://data.ordnancesurvey.co.uk/id/4000000009434259,Brackenber Close,,,,transportNetwork,Named Road,381000,463280,1000,20000,380914,463278,381019,463284,BD24,http://data.ordnancesurvey.co.uk/id/postcodedistrict/BD24,Giggleswick,http://data.ordnancesurvey.co.uk/id/4000000074565013,http://www.ordnancesurvey.co.uk/xml/codelists/localtype.xml#village,Craven,http://data.ordnancesurvey.co.uk/id/7000000000021698,http://data.ordnancesurvey.co.uk/ontology/admingeo/District,North Yorkshire,http://data.ordnancesurvey.co.uk/id/7000000000022028,http://data.ordnancesurvey.co.uk/ontology/admingeo/County,Yorkshire and the Humber,http://data.ordnancesurvey.co.uk/id/7000000000041430,England,http://data.ordnancesurvey.co.uk/id/country/england,,,
BD236LA,http://data.ordnancesurvey.co.uk/id/postcodeunit/BD236LA,BD23 6LA,,,,other,Postcode,397691,460031,3500,18000,,,,,,,Cracoe,http://data.ordnancesurvey.co.uk/id/4000000074567942,http://www.ordnancesurvey.co.uk/xml/codelists/localtype.xml#village,Craven,http://data.ordnancesurvey.co.uk/id/7000000000021698,http://data.ordnancesurvey.co.uk/ontology/admingeo/District,North Yorkshire,http://data.ordnancesurvey.co.uk/id/7000000000022028,http://data.ordnancesurvey.co.uk/ontology/admingeo/County,Yorkshire and the Humber,http://data.ordnancesurvey.co.uk/id/7000000000041430,England,http://data.ordnancesurvey.co.uk/id/country/england,,,
BD249RD,http://data.ordnancesurvey.co.uk/id/postcodeunit/BD249RD,BD24 9RD,,,,other,Postcode,382266,465111,3500,18000,,,,,,,Langcliffe,http://data.ordnancesurvey.co.uk/id/4000000074565009,http://www.ordnancesurvey.co.uk/xml/codelists/localtype.xml#village,Craven,http://data.ordnancesurvey.co.uk/id/7000000000021698,http://data.ordnancesurvey.co.uk/ontology/admingeo/District,North Yorkshire,http://data.ordnancesurvey.co.uk/id/7000000000022028,http://data.ordnancesurvey.co.uk/ontology/admingeo/County,Yorkshire and the Humber,http://data.ordnancesurvey.co.uk/id/7000000000041430,England,http://data.ordnancesurvey.co.uk/id/country/england,,,
osgb4000000074738811,http://data.ordnancesurvey.co.uk/id/4000000074738811,Hutton's Kilnsey Moor,,,,landcover,Other Landcover,395004,467574,10000,1300000,394126,467054,395601,468094,BD23,http://data.ordnancesurvey.co.uk/id/postcodedistrict/BD23,,,,Craven,http://data.ordnancesurvey.co.uk/id/7000000000021698,http://data.ordnancesurvey.co.uk/ontology/admingeo/District,North Yorkshire,http://data.ordnancesurvey.co.uk/id/7000000000022028,http://data.ordnancesurvey.co.uk/ontology/admingeo/County,Yorkshire and the Humber,http://data.ordnancesurvey.co.uk/id/7000000000041430,England,http://data.ordnancesurvey.co.uk/id/country/england,,,
osgb4000000074695449,http://data.ordnancesurvey.co.uk/id/4000000074695449,East Field Plantation,,,,landcover,Woodland Or Forest,393418,471279,1000,400000,393168,471031,393668,471531,BD23,http://data.ordnancesurvey.co.uk/id/postcodedistrict/BD23,,,,Craven,http://data.ordnancesurvey.co.uk/id/7000000000021698,http://data.ordnancesurvey.co.uk/ontology/admingeo/District,North Yorkshire,http://data.ordnancesurvey.co.uk/id/7000000000022028,http://data.ordnancesurvey.co.uk/ontology/admingeo/County,Yorkshire and the Humber,http://data.ordnancesurvey.co.uk/id/7000000000041430,England,http://data.ordnancesurvey.co.uk/id/country/england,,,
osgb4000000074740230,http://data.ordnancesurvey.co.uk/id/4000000074740230,Crook o' Hindber Moss,,,,landcover,Other Landcover,383210,475994,7000,1300000,382647,475468,383795,476519,BD24,http://data.ordnancesurvey.co.uk/id/postcodedistrict/BD24,,,,Craven,http://data.ordnancesurvey.co.uk/id/7000000000021698,http://data.ordnancesurvey.co.uk/ontology/admingeo/District,North Yorkshire,http://data.ordnancesurvey.co.uk/id/7000000000022028,http://data.ordnancesurvey.co.uk/ontology/admingeo/County,Yorkshire and the Humber,http://data.ordnancesurvey.co.uk/id/7000000000041430,England,http://data.ordnancesurvey.co.uk/id/country/england,,,
osgb4000000074764724,http://data.ordnancesurvey.co.uk/id/4000000074764724,Butter Haw Hill,,,,landform,Hill Or Mountain,399632,460934,1000,300000,399382,460684,399882,461184,BD23,http://data.ordnancesurvey.co.uk/id/postcodedistrict/BD23,,,,Craven,http://data.ordnancesurvey.co.uk/id/7000000000021698,http://data.ordnancesurvey.co.uk/ontology/admingeo/District,North Yorkshire,http://data.ordnancesurvey.co.uk/id/7000000000022028,http://data.ordnancesurvey.co.uk/ontology/admingeo/County,Yorkshire and the Humber,http://data.ordnancesurvey.co.uk/id/7000000000041430,England,http://data.ordnancesurvey.co.uk/id/country/england,,,
osgb4000000074595968,http://data.ordnancesurvey.co.uk/id/4000000074595968,Darnbrook Fell,,,,landcover,Other Landcover,388905,471827,20000,1300000,387234,470718,390352,472936,BD24,http://data.ordnancesurvey.co.uk/id/postcodedistrict/BD24,,,,Craven,http://data.ordnancesurvey.co.uk/id/7000000000021698,http://data.ordnancesurvey.co.uk/ontology/admingeo/District,North Yorkshire,http://data.ordnancesurvey.co.uk/id/7000000000022028,http://data.ordnancesurvey.co.uk/ontology/admingeo/County,Yorkshire and the Humber,http://data.ordnancesurvey.co.uk/id/7000000000041430,England,http://data.ordnancesurvey.co.uk/id/country/england,,,
osgb4000000074739301,http://data.ordnancesurvey.co.uk/id/4000000074739301,Old Cote High Moor,,,,landcover,Other Landcover,393403,473592,9000,1300000,392720,472810,394086,474223,BD23,http://data.ordnancesurvey.co.uk/id/postcodedistrict/BD23,,,,Craven,http://data.ordnancesurvey.co.uk/id/7000000000021698,http://data.ordnancesurvey.co.uk/ontology/admingeo/District,North Yorkshire,http://data.ordnancesurvey.co.uk/id/7000000000022028,http://data.ordnancesurvey.co.uk/ontology/admingeo/County,Yorkshire and the Humber,http://data.ordnancesurvey.co.uk/id/7000000000041430,England,http://data.ordnancesurvey.co.uk/id/country/england,,,
osgb4000000074694227,http://data.ordnancesurvey.co.uk/id/4000000074694227,Firth Hill Plantation,,,,landcover,Woodland Or Forest,396276,463888,1000,400000,396026,463652,396526,464152,BD23,http://data.ordnancesurvey.co.uk/id/postcodedistrict/BD23,,,,Craven,http://data.ordnancesurvey.co.uk/id/7000000000021698,http://data.ordnancesurvey.co.uk/ontology/admingeo/District,North Yorkshire,http://data.ordnancesurvey.co.uk/id/7000000000022028,http://data.ordnancesurvey.co.uk/ontology/admingeo/County,Yorkshire and the Humber,http://data.ordnancesurvey.co.uk/id/7000000000041430,England,http://data.ordnancesurvey.co.uk/id/country/england,,,
osgb4000000074770956,http://data.ordnancesurvey.co.uk/id/4000000074770956,Long Hill,,,,landform,Hill Or Mountain,394799,460074,1000,300000,394549,459824,395049,460324,BD23,http://data.ordnancesurvey.co.uk/id/postcodedistrict/BD23,,,,Craven,http://data.ordnancesurvey.co.uk/id/7000000000021698,http://data.ordnancesurvey.co.uk/ontology/admingeo/District,North Yorkshire,http://data.ordnancesurvey.co.uk/id/7000000000022028,http://data.ordnancesurvey.co.uk/ontology/admingeo/County,Yorkshire and the Humber,http://data.ordnancesurvey.co.uk/id/7000000000041430,England,http://data.ordnancesurvey.co.uk/id/country/england,,,
osgb4000000074620572,http://data.ordnancesurvey.co.uk/id/4000000074620572,Tor Mere Top,,,,landform,Hill Or Mountain,396956,476497,1000,300000,396706,476247,397206,476747,BD23,http://data.ordnancesurvey.co.uk/id/postcodedistrict/BD23,,,,Craven,http://data.ordnancesurvey.co.uk/id/7000000000021698,http://data.ordnancesurvey.co.uk/ontology/admingeo/District,North Yorkshire,http://data.ordnancesurvey.co.uk/id/7000000000022028,http://data.ordnancesurvey.co.uk/ontology/admingeo/County,Yorkshire and the Humber,http://data.ordnancesurvey.co.uk/id/7000000000041430,England,http://data.ordnancesurvey.co.uk/id/country/england,,,
osgb4000000074764822,http://data.ordnancesurvey.co.uk/id/4000000074764822,Great Hill,,,,landform,Hill Or Mountain,388585,468103,1000,300000,388335,467853,388835,468353,BD24,http://data.ordnancesurvey.co.uk/id/postcodedistrict/BD24,,,,Craven,http://data.ordnancesurvey.co.uk/id/7000000000021698,http://data.ordnancesurvey.co.uk/ontology/admingeo/District,North Yorkshire,http://data.ordnancesurvey.co.uk/id/7000000000022028,http://data.ordnancesurvey.co.uk/ontology/admingeo/County,Yorkshire and the Humber,http://data.ordnancesurvey.co.uk/id/7000000000041430,England,http://data.ordnancesurvey.co.uk/id/country/england,,,
osgb4000000074692226,http://data.ordnancesurvey.co.uk/id/4000000074692226,Great Close Plantation,,,,landcover,Woodland Or Forest,390344,466377,1000,400000,390093,466128,390593,466628,BD24,http://data.ordnancesurvey.co.uk/id/postcodedistrict/BD24,,,,Craven,http://data.ordnancesurvey.co.uk/id/7000000000021698,http://data.ordnancesurvey.co.uk/ontology/admingeo/District,North Yorkshire,http://data.ordnancesurvey.co.uk/id/7000000000022028,http://data.ordnancesurvey.co.uk/ontology/admingeo/County,Yorkshire and the Humber,http://data.ordnancesurvey.co.uk/id/7000000000041430,England,http://data.ordnancesurvey.co.uk/id/country/england,,,
osgb4000000074739180,http://data.ordnancesurvey.co.uk/id/4000000074739180,Scosthrop Low Moor,,,,landcover,Other Landcover,388554,460033,6000,800000,388108,459557,389000,460456,BD23,http://data.ordnancesurvey.co.uk/id/postcodedistrict/BD23,,,,Craven,http://data.ordnancesurvey.co.uk/id/7000000000021698,http://data.ordnancesurvey.co.uk/ontology/admingeo/District,North Yorkshire,http://data.ordnancesurvey.co.uk/id/7000000000022028,http://data.ordnancesurvey.co.uk/ontology/admingeo/County,Yorkshire and the Humber,http://data.ordnancesurvey.co.uk/id/7000000000041430,England,http://data.ordnancesurvey.co.uk/id/country/england,,,
osgb4000000074672280,http://data.ordnancesurvey.co.uk/id/4000000074672280,Dicks Ground Plantation,,,,landcover,Woodland Or Forest,382849,466009,1000,400000,382599,465729,383099,466229,BD24,http://data.ordnancesurvey.co.uk/id/postcodedistrict/BD24,,,,Craven,http://data.ordnancesurvey.co.uk/id/7000000000021698,http://data.ordnancesurvey.co.uk/ontology/admingeo/District,North Yorkshire,http://data.ordnancesurvey.co.uk/id/7000000000022028,http://data.ordnancesurvey.co.uk/ontology/admingeo/County,Yorkshire and the Humber,http://data.ordnancesurvey.co.uk/id/7000000000041430,England,http://data.ordnancesurvey.co.uk/id/country/england,,,
osgb4000000074739303,http://data.ordnancesurvey.co.uk/id/4000000074739303,Scoska Moor,,,,landcover,Other Landcover,390489,472977,11000,1300000,389674,472219,391303,473659,BD23,http://data.ordnancesurvey.co.uk/id/postcodedistrict/BD23,,,,Craven,http://data.ordnancesurvey.co.uk/id/7000000000021698,http://data.ordnancesurvey.co.uk/ontology/admingeo/District,North Yorkshire,http://data.ordnancesurvey.co.uk/id/7000000000022028,http://data.ordnancesurvey.co.uk/ontology/admingeo/County,Yorkshire and the Humber,http://data.ordnancesurvey.co.uk/id/7000000000041430,England,http://data.ordnancesurvey.co.uk/id/country/england,,,
osgb4000000074697517,http://data.ordnancesurvey.co.uk/id/4000000074697517,Sunhill Gill Plantation,,,,landcover,Woodland Or Forest,396105,460727,1000,400000,395855,460431,396355,460931,BD23,http://data.ordnancesurvey.co.uk/id/postcodedistrict/BD23,,,,Craven,http://data.ordnancesurvey.co.uk/id/7000000000021698,http://data.ordnancesurvey.co.uk/ontology/admingeo/District,North Yorkshire,http://data.ordnancesurvey.co.uk/id/7000000000022028,http://data.ordnancesurvey.co.uk/ontology/admingeo/County,Yorkshire and the Humber,http://data.ordnancesurvey.co.uk/id/7000000000041430,England,http://data.ordnancesurvey.co.uk/id/country/england,,,
osgb4000000074692232,http://data.ordnancesurvey.co.uk/id/4000000074692232,Roselber Wood,,,,landcover,Woodland Or Forest,390743,473396,3000,400000,390493,473170,390993,473670,BD23,http://data.ordnancesurvey.co.uk/id/postcodedistrict/BD23,,,,Craven,http://data.ordnancesurvey.co.uk/id/7000000000021698,http://data.ordnancesurvey.co.uk/ontology/admingeo/District,North Yorkshire,http://data.ordnancesurvey.co.uk/id/7000000000022028,http://data.ordnancesurvey.co.uk/ontology/admingeo/County,Yorkshire and the Humber,http://data.ordnancesurvey.co.uk/id/7000000000041430,England,http://data.ordnancesurvey.co.uk/id/country/england,,,
osgb4000000074593754,http://data.ordnancesurvey.co.uk/id/4000000074593754,New Pasture,,,,landcover,Other Landcover,388846,470914,4000,800000,388564,470570,389202,471258,BD24,http://data.ordnancesurvey.co.uk/id/postcodedistrict/BD24,,,,Craven,http://data.ordnancesurvey.co.uk/id/7000000000021698,http://data.ordnancesurvey.co.uk/ontology/admingeo/District,North Yorkshire,http://data.ordnancesurvey.co.uk/id/7000000000022028,http://data.ordnancesurvey.co.uk/ontology/admingeo/County,Yorkshire and the Humber,http://data.ordnancesurvey.co.uk/id/7000000000041430,England,http://data.ordnancesurvey.co.uk/id/country/england,,,
osgb4000000074724432,http://data.ordnancesurvey.co.uk/id/4000000074724432,Twin Bottom,,,,landform,Valley,387559,464162,5000,800000,387119,463913,387882,464413,BD24,http://data.ordnancesurvey.co.uk/id/postcodedistrict/BD24,,,,Craven,http://data.ordnancesurvey.co.uk/id/7000000000021698,http://data.ordnancesurvey.co.uk/ontology/admingeo/District,North Yorkshire,http://data.ordnancesurvey.co.uk/id/7000000000022028,http://data.ordnancesurvey.co.uk/ontology/admingeo/County,Yorkshire and the Humber,http://data.ordnancesurvey.co.uk/id/7000000000041430,England,http://data.ordnancesurvey.co.uk/id/country/england,,,
osgb4000000074738857,http://data.ordnancesurvey.co.uk/id/4000000074738857,Flats,,,,landcover,Other Landcover,395368,474410,2000,800000,395108,474160,395608,474660,BD23,http://data.ordnancesurvey.co.uk/id/postcodedistrict/BD23,,,,Craven,http://data.ordnancesurvey.co.uk/id/7000000000021698,http://data.ordnancesurvey.co.uk/ontology/admingeo/District,North Yorkshire,http://data.ordnancesurvey.co.uk/id/7000000000022028,http://data.ordnancesurvey.co.uk/ontology/admingeo/County,Yorkshire and the Humber,http://data.ordnancesurvey.co.uk/id/7000000000041430,England,http://data.ordnancesurvey.co.uk/id/country/england,,,
osgb4000000074697107,http://data.ordnancesurvey.co.uk/id/4000000074697107,Hendersons's Gill Plantation,,,,landcover,Woodland Or Forest,396338,460409,1000,400000,396103,460159,396603,460659,BD23,http://data.ordnancesurvey.co.uk/id/postcodedistrict/BD23,,,,Craven,http://data.ordnancesurvey.co.uk/id/7000000000021698,http://data.ordnancesurvey.co.uk/ontology/admingeo/District,North Yorkshire,http://data.ordnancesurvey.co.uk/id/7000000000022028,http://data.ordnancesurvey.co.uk/ontology/admingeo/County,Yorkshire and the Humber,http://data.ordnancesurvey.co.uk/id/7000000000041430,England,http://data.ordnancesurvey.co.uk/id/country/england,,,
osgb4000000074739449,http://data.ordnancesurvey.co.uk/id/4000000074739449,Out Moor,,,,landcover,Other Landcover,391660,475813,10000,1300000,391037,475114,392282,476591,BD23,http://data.ordnancesurvey.co.uk/id/postcodedistrict/BD23,,,,Craven,http://data.ordnancesurvey.co.uk/id/7000000000021698,http://data.ordnancesurvey.co.uk/ontology/admingeo/District,North Yorkshire,http://data.ordnancesurvey.co.uk/id/7000000000022028,http://data.ordnancesurvey.co.uk/ontology/admingeo/County,Yorkshire and the Humber,http://data.ordnancesurvey.co.uk/id/7000000000041430,England,http://data.ordnancesurvey.co.uk/id/country/england,,,
osgb4000000074770888,http://data.ordnancesurvey.co.uk/id/4000000074770888,Cock Thorns Hill,,,,landform,Hill Or Mountain,389654,461475,1000,300000,389404,461225,389904,461725,BD23,http://data.ordnancesurvey.co.uk/id/postcodedistrict/BD23,,,,Craven,http://data.ordnancesurvey.co.uk/id/7000000000021698,http://data.ordnancesurvey.co.uk/ontology/admingeo/District,North Yorkshire,http://data.ordnancesurvey.co.uk/id/7000000000022028,http://data.ordnancesurvey.co.uk/ontology/admingeo/County,Yorkshire and the Humber,http://data.ordnancesurvey.co.uk/id/7000000000041430,England,http://data.ordnancesurvey.co.uk/id/country/england,,,
osgb4000000074771506,http://data.ordnancesurvey.co.uk/id/4000000074771506,Top Rays Hill,,,,landform,Hill Or Mountain,382628,475462,1000,300000,382378,475212,382878,475712,BD24,http://data.ordnancesurvey.co.uk/id/postcodedistrict/BD24,,,,Craven,http://data.ordnancesurvey.co.uk/id/7000000000021698,http://data.ordnancesurvey.co.uk/ontology/admingeo/District,North Yorkshire,http://data.ordnancesurvey.co.uk/id/7000000000022028,http://data.ordnancesurvey.co.uk/ontology/admingeo/County,Yorkshire and the Humber,http://data.ordnancesurvey.co.uk/id/7000000000041430,England,http://data.ordnancesurvey.co.uk/id/country/england,,,
osgb4000000074771167,http://data.ordnancesurvey.co.uk/id/4000000074771167,Dismal Hill,,,,landform,Hill Or Mountain,380589,477100,1000,300000,380339,476850,380839,477350,BD24,http://data.ordnancesurvey.co.uk/id/postcodedistrict/BD24,,,,Craven,http://data.ordnancesurvey.co.uk/id/7000000000021698,http://data.ordnancesurvey.co.uk/ontology/admingeo/District,North Yorkshire,http://data.ordnancesurvey.co.uk/id/7000000000022028,http://data.ordnancesurvey.co.uk/ontology/admingeo/County,Yorkshire and the Humber,http://data.ordnancesurvey.co.uk/id/7000000000041430,England,http://data.ordnancesurvey.co.uk/id/country/england,,,
osgb4000000074595568,http://data.ordnancesurvey.co.uk/id/4000000074595568,North Moor,,,,landcover,Other Landcover,398650,478072,27000,1300000,396580,476020,400720,480092,DL8,http://data.ordnancesurvey.co.uk/id/postcodedistrict/DL8,,,,Richmondshire,http://data.ordnancesurvey.co.uk/id/7000000000021986,http://data.ordnancesurvey.co.uk/ontology/admingeo/District,North Yorkshire,http://data.ordnancesurvey.co.uk/id/7000000000022028,http://data.ordnancesurvey.co.uk/ontology/admingeo/County,Yorkshire and the Humber,http://data.ordnancesurvey.co.uk/id/7000000000041430,England,http://data.ordnancesurvey.co.uk/id/country/england,,,
osgb4000000074693438,http://data.ordnancesurvey.co.uk/id/4000000074693438,Lord's Wood,,,,landcover,Woodland Or Forest,381296,464720,3000,400000,381047,464465,381547,464965,BD24,http://data.ordnancesurvey.co.uk/id/postcodedistrict/BD24,,,,Craven,http://data.ordnancesurvey.co.uk/id/7000000000021698,http://data.ordnancesurvey.co.uk/ontology/admingeo/District,North Yorkshire,http://data.ordnancesurvey.co.uk/id/7000000000022028,http://data.ordnancesurvey.co.uk/ontology/admingeo/County,Yorkshire and the Humber,http://data.ordnancesurvey.co.uk/id/7000000000041430,England,http://data.ordnancesurvey.co.uk/id/country/england,,,
osgb4000000074692187,http://data.ordnancesurvey.co.uk/id/4000000074692187,Deepdale Plantation,,,,landcover,Woodland Or Forest,389087,460385,1000,400000,388882,460136,389382,460636,BD23,http://data.ordnancesurvey.co.uk/id/postcodedistrict/BD23,,,,Craven,http://data.ordnancesurvey.co.uk/id/7000000000021698,http://data.ordnancesurvey.co.uk/ontology/admingeo/District,North Yorkshire,http://data.ordnancesurvey.co.uk/id/7000000000022028,http://data.ordnancesurvey.co.uk/ontology/admingeo/County,Yorkshire and the Humber,http://data.ordnancesurvey.co.uk/id/7000000000041430,England,http://data.ordnancesurvey.co.uk/id/country/england,,,
osgb4000000074740307,http://data.ordnancesurvey.co.uk/id/4000000074740307,Blackber Moss,,,,landcover,Other Landcover,381478,475111,4000,1300000,381205,474862,381789,475362,BD24,http://data.ordnancesurvey.co.uk/id/postcodedistrict/BD24,,,,Craven,http://data.ordnancesurvey.co.uk/id/7000000000021698,http://data.ordnancesurvey.co.uk/ontology/admingeo/District,North Yorkshire,http://data.ordnancesurvey.co.uk/id/7000000000022028,http://data.ordnancesurvey.co.uk/ontology/admingeo/County,Yorkshire and the Humber,http://data.ordnancesurvey.co.uk/id/7000000000041430,England,http://data.ordnancesurvey.co.uk/id/country/england,,,
osgb4000000074695041,http://data.ordnancesurvey.co.uk/id/4000000074695041,Kealcup Plantation,,,,landcover,Woodland Or Forest,393816,465194,1000,400000,393566,464949,394066,465449,BD23,http://data.ordnancesurvey.co.uk/id/postcodedistrict/BD23,,,,Craven,http://data.ordnancesurvey.co.uk/id/7000000000021698,http://data.ordnancesurvey.co.uk/ontology/admingeo/District,North Yorkshire,http://data.ordnancesurvey.co.uk/id/7000000000022028,http://data.ordnancesurvey.co.uk/ontology/admingeo/County,Yorkshire and the Humber,http://data.ordnancesurvey.co.uk/id/7000000000041430,England,http://data.ordnancesurvey.co.uk/id/country/england,,,
osgb4000000074691834,http://data.ordnancesurvey.co.uk/id/4000000074691834,Bown Scar Wood,,,,landcover,Woodland Or Forest,391894,472107,2000,400000,391644,471823,392144,472323,BD23,http://data.ordnancesurvey.co.uk/id/postcodedistrict/BD23,,,,Craven,http://data.ordnancesurvey.co.uk/id/7000000000021698,http://data.ordnancesurvey.co.uk/ontology/admingeo/District,North Yorkshire,http://data.ordnancesurvey.co.uk/id/7000000000022028,http://data.ordnancesurvey.co.uk/ontology/admingeo/County,Yorkshire and the Humber,http://data.ordnancesurvey.co.uk/id/7000000000041430,England,http://data.ordnancesurvey.co.uk/id/country/england,,,
osgb4000000074743575,http://data.ordnancesurvey.co.uk/id/4000000074743575,Todber Moss,,,,landcover,Other Landcover,382311,475286,6000,1300000,381913,474895,382709,475761,BD24,http://data.ordnancesurvey.co.uk/id/postcodedistrict/BD24,,,,Craven,http://data.ordnancesurvey.co.uk/id/7000000000021698,http://data.ordnancesurvey.co.uk/ontology/admingeo/District,North Yorkshire,http://data.ordnancesurvey.co.uk/id/7000000000022028,http://data.ordnancesurvey.co.uk/ontology/admingeo/County,Yorkshire and the Humber,http://data.ordnancesurvey.co.uk/id/7000000000041430,England,http://data.ordnancesurvey.co.uk/id/country/england,,,
BD240AS,http://data.ordnancesurvey.co.uk/id/postcodeunit/BD240AS,BD24 0AS,,,,other,Postcode,381311,463840,3500,18000,,,,,,,Giggleswick,http://data.ordnancesurvey.co.uk/id/4000000074565013,http://www.ordnancesurvey.co.uk/xml/codelists/localtype.xml#village,Craven,http://data.ordnancesurvey.co.uk/id/7000000000021698,http://data.ordnancesurvey.co.uk/ontology/admingeo/District,North Yorkshire,http://data.ordnancesurvey.co.uk/id/7000000000022028,http://data.ordnancesurvey.co.uk/ontology/admingeo/County,Yorkshire and the Humber,http://data.ordnancesurvey.co.uk/id/7000000000041430,England,http://data.ordnancesurvey.co.uk/id/country/england,,,
BD240EF,http://data.ordnancesurvey.co.uk/id/postcodeunit/BD240EF,BD24 0EF,,,,other,Postcode,381409,464389,3500,18000,,,,,,,Giggleswick,http://data.ordnancesurvey.co.uk/id/4000000074565013,http://www.ordnancesurvey.co.uk/xml/codelists/localtype.xml#village,Craven,http://data.ordnancesurvey.co.uk/id/7000000000021698,http://data.ordnancesurvey.co.uk/ontology/admingeo/District,North Yorkshire,http://data.ordnancesurvey.co.uk/id/7000000000022028,http://data.ordnancesurvey.co.uk/ontology/admingeo/County,Yorkshire and the Humber,http://data.ordnancesurvey.co.uk/id/7000000000041430,England,http://data.ordnancesurvey.co.uk/id/country/england,,,
BD236BG,http://data.ordnancesurvey.co.uk/id/postcodeunit/BD236BG,BD23 6BG,,,,other,Postcode,399993,463357,3500,18000,,,,,,,Linton,http://data.ordnancesurvey.co.uk/id/4000000074564034,http://www.ordnancesurvey.co.uk/xml/codelists/localtype.xml#village,Craven,http://data.ordnancesurvey.co.uk/id/7000000000021698,http://data.ordnancesurvey.co.uk/ontology/admingeo/District,North Yorkshire,http://data.ordnancesurvey.co.uk/id/7000000000022028,http://data.ordnancesurvey.co.uk/ontology/admingeo/County,Yorkshire and the Humber,http://data.ordnancesurvey.co.uk/id/7000000000041430,England,http://data.ordnancesurvey.co.uk/id/country/england,,,
BD249RP,http://data.ordnancesurvey.co.uk/id/postcodeunit/BD249RP,BD24 9RP,,,,other,Postcode,381682,463336,3500,18000,,,,,,,Settle,http://data.ordnancesurvey.co.uk/id/4000000074565008,http://www.ordnancesurvey.co.uk/xml/codelists/localtype.xml#town,Craven,http://data.ordnancesurvey.co.uk/id/7000000000021698,http://data.ordnancesurvey.co.uk/ontology/admingeo/District,North Yorkshire,http://data.ordnancesurvey.co.uk/id/7000000000022028,http://data.ordnancesurvey.co.uk/ontology/admingeo/County,Yorkshire and the Humber,http://data.ordnancesurvey.co.uk/id/7000000000041430,England,http://data.ordnancesurvey.co.uk/id/country/england,,,
BD249RB,http://data.ordnancesurvey.co.uk/id/postcodeunit/BD249RB,BD24 9RB,,,,other,Postcode,382071,463257,3500,18000,,,,,,,Settle,http://data.ordnancesurvey.co.uk/id/4000000074565008,http://www.ordnancesurvey.co.uk/xml/codelists/localtype.xml#town,Craven,http://data.ordnancesurvey.co.uk/id/7000000000021698,http://data.ordnancesurvey.co.uk/ontology/admingeo/District,North Yorkshire,http://data.ordnancesurvey.co.uk/id/7000000000022028,http://data.ordnancesurvey.co.uk/ontology/admingeo/County,Yorkshire and the Humber,http://data.ordnancesurvey.co.uk/id/7000000000041430,England,http://data.ordnancesurvey.co.uk/id/country/england,,,
BD249DJ,http://data.ordnancesurvey.co.uk/id/postcodeunit/BD249DJ,BD24 9DJ,,,,other,Postcode,381944,463484,3500,18000,,,,,,,Settle,http://data.ordnancesurvey.co.uk/id/4000000074565008,http://www.ordnancesurvey.co.uk/xml/codelists/localtype.xml#town,Craven,http://data.ordnancesurvey.co.uk/id/7000000000021698,http://data.ordnancesurvey.co.uk/ontology/admingeo/District,North Yorkshire,http://data.ordnancesurvey.co.uk/id/7000000000022028,http://data.ordnancesurvey.co.uk/ontology/admingeo/County,Yorkshire and the Humber,http://data.ordnancesurvey.co.uk/id/7000000000041430,England,http://data.ordnancesurvey.co.uk/id/country/england,,,
BD235JF,http://data.ordnancesurvey.co.uk/id/postcodeunit/BD235JF,BD23 5JF,,,,other,Postcode,395373,474622,3500,18000,,,,,,,Starbotton,http://data.ordnancesurvey.co.uk/id/4000000074564693,http://www.ordnancesurvey.co.uk/xml/codelists/localtype.xml#village,Craven,http://data.ordnancesurvey.co.uk/id/7000000000021698,http://data.ordnancesurvey.co.uk/ontology/admingeo/District,North Yorkshire,http://data.ordnancesurvey.co.uk/id/7000000000022028,http://data.ordnancesurvey.co.uk/ontology/admingeo/County,Yorkshire and the Humber,http://data.ordnancesurvey.co.uk/id/7000000000041430,England,http://data.ordnancesurvey.co.uk/id/country/england,,,
BD249EN,http://data.ordnancesurvey.co.uk/id/postcodeunit/BD249EN,BD24 9EN,,,,other,Postcode,382017,463656,3500,18000,,,,,,,Settle,http://data.ordnancesurvey.co.uk/id/4000000074565008,http://www.ordnancesurvey.co.uk/xml/codelists/localtype.xml#town,Craven,http://data.ordnancesurvey.co.uk/id/7000000000021698,http://data.ordnancesurvey.co.uk/ontology/admingeo/District,North Yorkshire,http://data.ordnancesurvey.co.uk/id/7000000000022028,http://data.ordnancesurvey.co.uk/ontology/admingeo/County,Yorkshire and the Humber,http://data.ordnancesurvey.co.uk/id/7000000000041430,England,http://data.ordnancesurvey.co.uk/id/country/england,,,
BD249HF,http://data.ordnancesurvey.co.uk/id/postcodeunit/BD249HF,BD24 9HF,,,,other,Postcode,382173,463359,3500,18000,,,,,,,Settle,http://data.ordnancesurvey.co.uk/id/4000000074565008,http://www.ordnancesurvey.co.uk/xml/codelists/localtype.xml#town,Craven,http://data.ordnancesurvey.co.uk/id/7000000000021698,http://data.ordnancesurvey.co.uk/ontology/admingeo/District,North Yorkshire,http://data.ordnancesurvey.co.uk/id/7000000000022028,http://data.ordnancesurvey.co.uk/ontology/admingeo/County,Yorkshire and the Humber,http://data.ordnancesurvey.co.uk/id/7000000000041430,England,http://data.ordnancesurvey.co.uk/id/country/england,,,
BD235NL,http://data.ordnancesurvey.co.uk/id/postcodeunit/BD235NL,BD23 5NL,,,,other,Postcode,399974,464094,3500,18000,,,,,,,Grassington,http://data.ordnancesurvey.co.uk/id/4000000074564363,http://www.ordnancesurvey.co.uk/xml/codelists/localtype.xml#village,Craven,http://data.ordnancesurvey.co.uk/id/7000000000021698,http://data.ordnancesurvey.co.uk/ontology/admingeo/District,North Yorkshire,http://data.ordnancesurvey.co.uk/id/7000000000022028,http://data.ordnancesurvey.co.uk/ontology/admingeo/County,Yorkshire and the Humber,http://data.ordnancesurvey.co.uk/id/7000000000041430,England,http://data.ordnancesurvey.co.uk/id/country/england,,,
BD235RX,http://data.ordnancesurvey.co.uk/id/postcodeunit/BD235RX,BD23 5RX,,,,other,Postcode,397959,464704,3500,18000,,,,,,,Long Ashes,http://data.ordnancesurvey.co.uk/id/4000000074564364,http://www.ordnancesurvey.co.uk/xml/codelists/localtype.xml#village,Craven,http://data.ordnancesurvey.co.uk/id/7000000000021698,http://data.ordnancesurvey.co.uk/ontology/admingeo/District,North Yorkshire,http://data.ordnancesurvey.co.uk/id/7000000000022028,http://data.ordnancesurvey.co.uk/ontology/admingeo/County,Yorkshire and the Humber,http://data.ordnancesurvey.co.uk/id/7000000000041430,England,http://data.ordnancesurvey.co.uk/id/country/england,,,
BD249LE,http://data.ordnancesurvey.co.uk/id/postcodeunit/BD249LE,BD24 9LE,,,,other,Postcode,381956,465373,3500,18000,,,,,,,Langcliffe,http://data.ordnancesurvey.co.uk/id/4000000074565009,http://www.ordnancesurvey.co.uk/xml/codelists/localtype.xml#village,Craven,http://data.ordnancesurvey.co.uk/id/7000000000021698,http://data.ordnancesurvey.co.uk/ontology/admingeo/District,North Yorkshire,http://data.ordnancesurvey.co.uk/id/7000000000022028,http://data.ordnancesurvey.co.uk/ontology/admingeo/County,Yorkshire and the Humber,http://data.ordnancesurvey.co.uk/id/7000000000041430,England,http://data.ordnancesurvey.co.uk/id/country/england,,,
BD240HD,http://data.ordnancesurvey.co.uk/id/postcodeunit/BD240HD,BD24 0HD,,,,other,Postcode,380913,472437,3500,18000,,,,,,,Horton in Ribblesdale,http://data.ordnancesurvey.co.uk/id/4000000074565640,http://www.ordnancesurvey.co.uk/xml/codelists/localtype.xml#village,Craven,http://data.ordnancesurvey.co.uk/id/7000000000021698,http://data.ordnancesurvey.co.uk/ontology/admingeo/District,North Yorkshire,http://data.ordnancesurvey.co.uk/id/7000000000022028,http://data.ordnancesurvey.co.uk/ontology/admingeo/County,Yorkshire and the Humber,http://data.ordnancesurvey.co.uk/id/7000000000041430,England,http://data.ordnancesurvey.co.uk/id/country/england,,,
BD240BT,http://data.ordnancesurvey.co.uk/id/postcodeunit/BD240BT,BD24 0BT,,,,other,Postcode,381122,463925,3500,18000,,,,,,,Giggleswick,http://data.ordnancesurvey.co.uk/id/4000000074565013,http://www.ordnancesurvey.co.uk/xml/codelists/localtype.xml#village,Craven,http://data.ordnancesurvey.co.uk/id/7000000000021698,http://data.ordnancesurvey.co.uk/ontology/admingeo/District,North Yorkshire,http://data.ordnancesurvey.co.uk/id/7000000000022028,http://data.ordnancesurvey.co.uk/ontology/admingeo/County,Yorkshire and the Humber,http://data.ordnancesurvey.co.uk/id/7000000000041430,England,http://data.ordnancesurvey.co.uk/id/country/england,,,
BD249JW,http://data.ordnancesurvey.co.uk/id/postcodeunit/BD249JW,BD24 9JW,,,,other,Postcode,381775,464109,3500,18000,,,,,,,Settle,http://data.ordnancesurvey.co.uk/id/4000000074565008,http://www.ordnancesurvey.co.uk/xml/codelists/localtype.xml#town,Craven,http://data.ordnancesurvey.co.uk/id/7000000000021698,http://data.ordnancesurvey.co.uk/ontology/admingeo/District,North Yorkshire,http://data.ordnancesurvey.co.uk/id/7000000000022028,http://data.ordnancesurvey.co.uk/ontology/admingeo/County,Yorkshire and the Humber,http://data.ordnancesurvey.co.uk/id/7000000000041430,England,http://data.ordnancesurvey.co.uk/id/country/england,,,
BD249AF,http://data.ordnancesurvey.co.uk/id/postcodeunit/BD249AF,BD24 9AF,,,,other,Postcode,381510,463620,3500,18000,,,,,,,Settle,http://data.ordnancesurvey.co.uk/id/4000000074565008,http://www.ordnancesurvey.co.uk/xml/codelists/localtype.xml#town,Craven,http://data.ordnancesurvey.co.uk/id/7000000000021698,http://data.ordnancesurvey.co.uk/ontology/admingeo/District,North Yorkshire,http://data.ordnancesurvey.co.uk/id/7000000000022028,http://data.ordnancesurvey.co.uk/ontology/admingeo/County,Yorkshire and the Humber,http://data.ordnancesurvey.co.uk/id/7000000000041430,England,http://data.ordnancesurvey.co.uk/id/country/england,,,
BD240ED,http://data.ordnancesurvey.co.uk/id/postcodeunit/BD240ED,BD24 0ED,,,,other,Postcode,381425,464254,3500,18000,,,,,,,Giggleswick,http://data.ordnancesurvey.co.uk/id/4000000074565013,http://www.ordnancesurvey.co.uk/xml/codelists/localtype.xml#village,Craven,http://data.ordnancesurvey.co.uk/id/7000000000021698,http://data.ordnancesurvey.co.uk/ontology/admingeo/District,North Yorkshire,http://data.ordnancesurvey.co.uk/id/7000000000022028,http://data.ordnancesurvey.co.uk/ontology/admingeo/County,Yorkshire and the Humber,http://data.ordnancesurvey.co.uk/id/7000000000041430,England,http://data.ordnancesurvey.co.uk/id/country/england,,,
BD249EG,http://data.ordnancesurvey.co.uk/id/postcodeunit/BD249EG,BD24 9EG,,,,other,Postcode,381972,463767,3500,18000,,,,,,,Settle,http://data.ordnancesurvey.co.uk/id/4000000074565008,http://www.ordnancesurvey.co.uk/xml/codelists/localtype.xml#town,Craven,http://data.ordnancesurvey.co.uk/id/7000000000021698,http://data.ordnancesurvey.co.uk/ontology/admingeo/District,North Yorkshire,http://data.ordnancesurvey.co.uk/id/7000000000022028,http://data.ordnancesurvey.co.uk/ontology/admingeo/County,Yorkshire and the Humber,http://data.ordnancesurvey.co.uk/id/7000000000041430,England,http://data.ordnancesurvey.co.uk/id/country/england,,,
BD249PF,http://data.ordnancesurvey.co.uk/id/postcodeunit/BD249PF,BD24 9PF,,,,other,Postcode,382260,467408,3500,18000,,,,,,,Stainforth,http://data.ordnancesurvey.co.uk/id/4000000074565011,http://www.ordnancesurvey.co.uk/xml/codelists/localtype.xml#village,Craven,http://data.ordnancesurvey.co.uk/id/7000000000021698,http://data.ordnancesurvey.co.uk/ontology/admingeo/District,North Yorkshire,http://data.ordnancesurvey.co.uk/id/7000000000022028,http://data.ordnancesurvey.co.uk/ontology/admingeo/County,Yorkshire and the Humber,http://data.ordnancesurvey.co.uk/id/7000000000041430,England,http://data.ordnancesurvey.co.uk/id/country/england,,,
BD249AB,http://data.ordnancesurvey.co.uk/id/postcodeunit/BD249AB,BD24 9AB,,,,other,Postcode,381428,463363,3500,18000,,,,,,,Settle,http://data.ordnancesurvey.co.uk/id/4000000074565008,http://www.ordnancesurvey.co.uk/xml/codelists/localtype.xml#town,Craven,http://data.ordnancesurvey.co.uk/id/7000000000021698,http://data.ordnancesurvey.co.uk/ontology/admingeo/District,North Yorkshire,http://data.ordnancesurvey.co.uk/id/7000000000022028,http://data.ordnancesurvey.co.uk/ontology/admingeo/County,Yorkshire and the Humber,http://data.ordnancesurvey.co.uk/id/7000000000041430,England,http://data.ordnancesurvey.co.uk/id/country/england,,,
BD235PL,http://data.ordnancesurvey.co.uk/id/postcodeunit/BD235PL,BD23 5PL,,,,other,Postcode,398858,463804,3500,18000,,,,,,,Threshfield,http://data.ordnancesurvey.co.uk/id/4000000074564035,http://www.ordnancesurvey.co.uk/xml/codelists/localtype.xml#village,Craven,http://data.ordnancesurvey.co.uk/id/7000000000021698,http://data.ordnancesurvey.co.uk/ontology/admingeo/District,North Yorkshire,http://data.ordnancesurvey.co.uk/id/7000000000022028,http://data.ordnancesurvey.co.uk/ontology/admingeo/County,Yorkshire and the Humber,http://data.ordnancesurvey.co.uk/id/7000000000041430,England,http://data.ordnancesurvey.co.uk/id/country/england,,,
osgb4000000009606551,http://data.ordnancesurvey.co.uk/id/4000000009606551,Old School Close,,,,transportNetwork,Named Road,382147,463465,1000,20000,382131,463425,382154,463496,BD24,http://data.ordnancesurvey.co.uk/id/postcodedistrict/BD24,Settle,http://data.ordnancesurvey.co.uk/id/4000000074565008,http://www.ordnancesurvey.co.uk/xml/codelists/localtype.xml#town,Craven,http://data.ordnancesurvey.co.uk/id/7000000000021698,http://data.ordnancesurvey.co.uk/ontology/admingeo/District,North Yorkshire,http://data.ordnancesurvey.co.uk/id/7000000000022028,http://data.ordnancesurvey.co.uk/ontology/admingeo/County,Yorkshire and the Humber,http://data.ordnancesurvey.co.uk/id/7000000000041430,England,http://data.ordnancesurvey.co.uk/id/country/england,,,
7f02c255-44d3-4ae8-82b5-98297bb613cc,http://data.ordnancesurvey.co.uk/id/7f02c255-44d3-4ae8-82b5-98297bb613cc,Malham Rakes,,,,transportNetwork,Section Of Named Road,390276,463016,1000,25000,390239,462953,390329,463094,BD23,http://data.ordnancesurvey.co.uk/id/postcodedistrict/BD23,Malham,http://data.ordnancesurvey.co.uk/id/4000000074564690,http://www.ordnancesurvey.co.uk/xml/codelists/localtype.xml#village,Craven,http://data.ordnancesurvey.co.uk/id/7000000000021698,http://data.ordnancesurvey.co.uk/ontology/admingeo/District,North Yorkshire,http://data.ordnancesurvey.co.uk/id/7000000000022028,http://data.ordnancesurvey.co.uk/ontology/admingeo/County,Yorkshire and the Humber,http://data.ordnancesurvey.co.uk/id/7000000000041430,England,http://data.ordnancesurvey.co.uk/id/country/england,osgb4000000009414927,,
osgb4000000009631539,http://data.ordnancesurvey.co.uk/id/4000000009631539,Holmehead,,,,transportNetwork,Named Road,381828,465415,1000,20000,381721,465371,381910,465425,BD24,http://data.ordnancesurvey.co.uk/id/postcodedistrict/BD24,Langcliffe,http://data.ordnancesurvey.co.uk/id/4000000074565009,http://www.ordnancesurvey.co.uk/xml/codelists/localtype.xml#village,Craven,http://data.ordnancesurvey.co.uk/id/7000000000021698,http://data.ordnancesurvey.co.uk/ontology/admingeo/District,North Yorkshire,http://data.ordnancesurvey.co.uk/id/7000000000022028,http://data.ordnancesurvey.co.uk/ontology/admingeo/County,Yorkshire and the Humber,http://data.ordnancesurvey.co.uk/id/7000000000041430,England,http://data.ordnancesurvey.co.uk/id/country/england,,,
510307df-fd7c-4845-ba87-93d478b5a8bd,http://data.ordnancesurvey.co.uk/id/510307df-fd7c-4845-ba87-93d478b5a8bd,Goat Lane,,,,transportNetwork,Section Of Named Road,382196,467477,1000,25000,382137,467385,382300,467546,BD24,http://data.ordnancesurvey.co.uk/id/postcodedistrict/BD24,Stainforth,http://data.ordnancesurvey.co.uk/id/4000000074565011,http://www.ordnancesurvey.co.uk/xml/codelists/localtype.xml#village,Craven,http://data.ordnancesurvey.co.uk/id/7000000000021698,http://data.ordnancesurvey.co.uk/ontology/admingeo/District,North Yorkshire,http://data.ordnancesurvey.co.uk/id/7000000000022028,http://data.ordnancesurvey.co.uk/ontology/admingeo/County,Yorkshire and the Humber,http://data.ordnancesurvey.co.uk/id/7000000000041430,England,http://data.ordnancesurvey.co.uk/id/country/england,osgb4000000009412356,,
7926be7d-b8a1-4560-bf46-7f76febdbb7f,http://data.ordnancesurvey.co.uk/id/7926be7d-b8a1-4560-bf46-7f76febdbb7f,Station Road,,,,transportNetwork,Section Of Named Road,381200,463291,3000,25000,380947,463277,381390,463331,BD24,http://data.ordnancesurvey.co.uk/id/postcodedistrict/BD24,Giggleswick,http://data.ordnancesurvey.co.uk/id/4000000074565013,http://www.ordnancesurvey.co.uk/xml/codelists/localtype.xml#village,Craven,http://data.ordnancesurvey.co.uk/id/7000000000021698,http://data.ordnancesurvey.co.uk/ontology/admingeo/District,North Yorkshire,http://data.ordnancesurvey.co.uk/id/7000000000022028,http://data.ordnancesurvey.co.uk/ontology/admingeo/County,Yorkshire and the Humber,http://data.ordnancesurvey.co.uk/id/7000000000041430,England,http://data.ordnancesurvey.co.uk/id/country/england,osgb4000000009414894,,
osgb4000000073318643,http://data.ordnancesurvey.co.uk/id/4000000073318643,Settle Middle School,,,,other,Primary Education,381591,464310,2000,50000,381341,464056,381841,464556,BD24,http://data.ordnancesurvey.co.uk/id/postcodedistrict/BD24,,,,Craven,http://data.ordnancesurvey.co.uk/id/7000000000021698,http://data.ordnancesurvey.co.uk/ontology/admingeo/District,North Yorkshire,http://data.ordnancesurvey.co.uk/id/7000000000022028,http://data.ordnancesurvey.co.uk/ontology/admingeo/County,Yorkshire and the Humber,http://data.ordnancesurvey.co.uk/id/7000000000041430,England,http://data.ordnancesurvey.co.uk/id/country/england,,,
osgb4000000073318716,http://data.ordnancesurvey.co.uk/id/4000000073318716,Giggleswick Primary School,,,,other,Primary Education,381077,464056,1000,50000,380832,463806,381332,464306,BD24,http://data.ordnancesurvey.co.uk/id/postcodedistrict/BD24,Giggleswick,http://data.ordnancesurvey.co.uk/id/4000000074565013,http://www.ordnancesurvey.co.uk/xml/codelists/localtype.xml#village,Craven,http://data.ordnancesurvey.co.uk/id/7000000000021698,http://data.ordnancesurvey.co.uk/ontology/admingeo/District,North Yorkshire,http://data.ordnancesurvey.co.uk/id/7000000000022028,http://data.ordnancesurvey.co.uk/ontology/admingeo/County,Yorkshire and the Humber,http://data.ordnancesurvey.co.uk/id/7000000000041430,England,http://data.ordnancesurvey.co.uk/id/country/england,,,
osgb4000000073314117,http://data.ordnancesurvey.co.uk/id/4000000073314117,Threshfield Primary School,,,,other,Primary Education,399746,463428,1000,50000,399496,463170,399996,463670,BD23,http://data.ordnancesurvey.co.uk/id/postcodedistrict/BD23,,,,Craven,http://data.ordnancesurvey.co.uk/id/7000000000021698,http://data.ordnancesurvey.co.uk/ontology/admingeo/District,North Yorkshire,http://data.ordnancesurvey.co.uk/id/7000000000022028,http://data.ordnancesurvey.co.uk/ontology/admingeo/County,Yorkshire and the Humber,http://data.ordnancesurvey.co.uk/id/7000000000041430,England,http://data.ordnancesurvey.co.uk/id/country/england,,,
BD249JN,http://data.ordnancesurvey.co.uk/id/postcodeunit/BD249JN,BD24 9JN,,,,other,Postcode,381688,464085,3500,18000,,,,,,,Settle,http://data.ordnancesurvey.co.uk/id/4000000074565008,http://www.ordnancesurvey.co.uk/xml/codelists/localtype.xml#town,Craven,http://data.ordnancesurvey.co.uk/id/7000000000021698,http://data.ordnancesurvey.co.uk/ontology/admingeo/District,North Yorkshire,http://data.ordnancesurvey.co.uk/id/7000000000022028,http://data.ordnancesurvey.co.uk/ontology/admingeo/County,Yorkshire and the Humber,http://data.ordnancesurvey.co.uk/id/7000000000041430,England,http://data.ordnancesurvey.co.uk/id/country/england,,,
BD240LG,http://data.ordnancesurvey.co.uk/id/postcodeunit/BD240LG,BD24 0LG,,,,other,Postcode,380389,460015,3500,18000,,,,,,,Rathmell,http://data.ordnancesurvey.co.uk/id/4000000074564033,http://www.ordnancesurvey.co.uk/xml/codelists/localtype.xml#village,Craven,http://data.ordnancesurvey.co.uk/id/7000000000021698,http://data.ordnancesurvey.co.uk/ontology/admingeo/District,North Yorkshire,http://data.ordnancesurvey.co.uk/id/7000000000022028,http://data.ordnancesurvey.co.uk/ontology/admingeo/County,Yorkshire and the Humber,http://data.ordnancesurvey.co.uk/id/7000000000041430,England,http://data.ordnancesurvey.co.uk/id/country/england,,,
BD249HJ,http://data.ordnancesurvey.co.uk/id/postcodeunit/BD249HJ,BD24 9HJ,,,,other,Postcode,382225,463292,3500,18000,,,,,,,Settle,http://data.ordnancesurvey.co.uk/id/4000000074565008,http://www.ordnancesurvey.co.uk/xml/codelists/localtype.xml#town,Craven,http://data.ordnancesurvey.co.uk/id/7000000000021698,http://data.ordnancesurvey.co.uk/ontology/admingeo/District,North Yorkshire,http://data.ordnancesurvey.co.uk/id/7000000000022028,http://data.ordnancesurvey.co.uk/ontology/admingeo/County,Yorkshire and the Humber,http://data.ordnancesurvey.co.uk/id/7000000000041430,England,http://data.ordnancesurvey.co.uk/id/country/england,,,
BD240HP,http://data.ordnancesurvey.co.uk/id/postcodeunit/BD240HP,BD24 0HP,,,,other,Postcode,380929,472422,3500,18000,,,,,,,Horton in Ribblesdale,http://data.ordnancesurvey.co.uk/id/4000000074565640,http://www.ordnancesurvey.co.uk/xml/codelists/localtype.xml#village,Craven,http://data.ordnancesurvey.co.uk/id/7000000000021698,http://data.ordnancesurvey.co.uk/ontology/admingeo/District,North Yorkshire,http://data.ordnancesurvey.co.uk/id/7000000000022028,http://data.ordnancesurvey.co.uk/ontology/admingeo/County,Yorkshire and the Humber,http://data.ordnancesurvey.co.uk/id/7000000000041430,England,http://data.ordnancesurvey.co.uk/id/country/england,,,
BD240BD,http://data.ordnancesurvey.co.uk/id/postcodeunit/BD240BD,BD24 0BD,,,,other,Postcode,381241,464076,3500,18000,,,,,,,Giggleswick,http://data.ordnancesurvey.co.uk/id/4000000074565013,http://www.ordnancesurvey.co.uk/xml/codelists/localtype.xml#village,Craven,http://data.ordnancesurvey.co.uk/id/7000000000021698,http://data.ordnancesurvey.co.uk/ontology/admingeo/District,North Yorkshire,http://data.ordnancesurvey.co.uk/id/7000000000022028,http://data.ordnancesurvey.co.uk/ontology/admingeo/County,Yorkshire and the Humber,http://data.ordnancesurvey.co.uk/id/7000000000041430,England,http://data.ordnancesurvey.co.uk/id/country/england,,,
BD249AN,http://data.ordnancesurvey.co.uk/id/postcodeunit/BD249AN,BD24 9AN,,,,other,Postcode,381861,463472,3500,18000,,,,,,,Settle,http://data.ordnancesurvey.co.uk/id/4000000074565008,http://www.ordnancesurvey.co.uk/xml/codelists/localtype.xml#town,Craven,http://data.ordnancesurvey.co.uk/id/7000000000021698,http://data.ordnancesurvey.co.uk/ontology/admingeo/District,North Yorkshire,http://data.ordnancesurvey.co.uk/id/7000000000022028,http://data.ordnancesurvey.co.uk/ontology/admingeo/County,Yorkshire and the Humber,http://data.ordnancesurvey.co.uk/id/7000000000041430,England,http://data.ordnancesurvey.co.uk/id/country/england,,,
BD249RJ,http://data.ordnancesurvey.co.uk/id/postcodeunit/BD249RJ,BD24 9RJ,,,,other,Postcode,381889,463218,3500,18000,,,,,,,Settle,http://data.ordnancesurvey.co.uk/id/4000000074565008,http://www.ordnancesurvey.co.uk/xml/codelists/localtype.xml#town,Craven,http://data.ordnancesurvey.co.uk/id/7000000000021698,http://data.ordnancesurvey.co.uk/ontology/admingeo/District,North Yorkshire,http://data.ordnancesurvey.co.uk/id/7000000000022028,http://data.ordnancesurvey.co.uk/ontology/admingeo/County,Yorkshire and the Humber,http://data.ordnancesurvey.co.uk/id/7000000000041430,England,http://data.ordnancesurvey.co.uk/id/country/england,,,
BD249PB,http://data.ordnancesurvey.co.uk/id/postcodeunit/BD249PB,BD24 9PB,,,,other,Postcode,382138,467157,3500,18000,,,,,,,Stainforth,http://data.ordnancesurvey.co.uk/id/4000000074565011,http://www.ordnancesurvey.co.uk/xml/codelists/localtype.xml#village,Craven,http://data.ordnancesurvey.co.uk/id/7000000000021698,http://data.ordnancesurvey.co.uk/ontology/admingeo/District,North Yorkshire,http://data.ordnancesurvey.co.uk/id/7000000000022028,http://data.ordnancesurvey.co.uk/ontology/admingeo/County,Yorkshire and the Humber,http://data.ordnancesurvey.co.uk/id/7000000000041430,England,http://data.ordnancesurvey.co.uk/id/country/england,,,
BD249HG,http://data.ordnancesurvey.co.uk/id/postcodeunit/BD249HG,BD24 9HG,,,,other,Postcode,382258,463312,3500,18000,,,,,,,Settle,http://data.ordnancesurvey.co.uk/id/4000000074565008,http://www.ordnancesurvey.co.uk/xml/codelists/localtype.xml#town,Craven,http://data.ordnancesurvey.co.uk/id/7000000000021698,http://data.ordnancesurvey.co.uk/ontology/admingeo/District,North Yorkshire,http://data.ordnancesurvey.co.uk/id/7000000000022028,http://data.ordnancesurvey.co.uk/ontology/admingeo/County,Yorkshire and the Humber,http://data.ordnancesurvey.co.uk/id/7000000000041430,England,http://data.ordnancesurvey.co.uk/id/country/england,,,
BD249QR,http://data.ordnancesurvey.co.uk/id/postcodeunit/BD249QR,BD24 9QR,,,,other,Postcode,381949,463423,3500,18000,,,,,,,Settle,http://data.ordnancesurvey.co.uk/id/4000000074565008,http://www.ordnancesurvey.co.uk/xml/codelists/localtype.xml#town,Craven,http://data.ordnancesurvey.co.uk/id/7000000000021698,http://data.ordnancesurvey.co.uk/ontology/admingeo/District,North Yorkshire,http://data.ordnancesurvey.co.uk/id/7000000000022028,http://data.ordnancesurvey.co.uk/ontology/admingeo/County,Yorkshire and the Humber,http://data.ordnancesurvey.co.uk/id/7000000000041430,England,http://data.ordnancesurvey.co.uk/id/country/england,,,
BD249RA,http://data.ordnancesurvey.co.uk/id/postcodeunit/BD249RA,BD24 9RA,,,,other,Postcode,381719,463921,3500,18000,,,,,,,Settle,http://data.ordnancesurvey.co.uk/id/4000000074565008,http://www.ordnancesurvey.co.uk/xml/codelists/localtype.xml#town,Craven,http://data.ordnancesurvey.co.uk/id/7000000000021698,http://data.ordnancesurvey.co.uk/ontology/admingeo/District,North Yorkshire,http://data.ordnancesurvey.co.uk/id/7000000000022028,http://data.ordnancesurvey.co.uk/ontology/admingeo/County,Yorkshire and the Humber,http://data.ordnancesurvey.co.uk/id/7000000000041430,England,http://data.ordnancesurvey.co.uk/id/country/england,,,
osgb4000000009421149,http://data.ordnancesurvey.co.uk/id/4000000009421149,Raines Lane,,,,transportNetwork,Named Road,399928,463967,1000,20000,399882,463850,399967,464071,BD23,http://data.ordnancesurvey.co.uk/id/postcodedistrict/BD23,Grassington,http://data.ordnancesurvey.co.uk/id/4000000074564363,http://www.ordnancesurvey.co.uk/xml/codelists/localtype.xml#village,Craven,http://data.ordnancesurvey.co.uk/id/7000000000021698,http://data.ordnancesurvey.co.uk/ontology/admingeo/District,North Yorkshire,http://data.ordnancesurvey.co.uk/id/7000000000022028,http://data.ordnancesurvey.co.uk/ontology/admingeo/County,Yorkshire and the Humber,http://data.ordnancesurvey.co.uk/id/7000000000041430,England,http://data.ordnancesurvey.co.uk/id/country/england,,,
BD235FA,http://data.ordnancesurvey.co.uk/id/postcodeunit/BD235FA,BD23 5FA,,,,other,Postcode,399704,464603,3500,18000,,,,,,,Grassington,http://data.ordnancesurvey.co.uk/id/4000000074564363,http://www.ordnancesurvey.co.uk/xml/codelists/localtype.xml#village,Craven,http://data.ordnancesurvey.co.uk/id/7000000000021698,http://data.ordnancesurvey.co.uk/ontology/admingeo/District,North Yorkshire,http://data.ordnancesurvey.co.uk/id/7000000000022028,http://data.ordnancesurvey.co.uk/ontology/admingeo/County,Yorkshire and the Humber,http://data.ordnancesurvey.co.uk/id/7000000000041430,England,http://data.ordnancesurvey.co.uk/id/country/england,,,
BD249QS,http://data.ordnancesurvey.co.uk/id/postcodeunit/BD249QS,BD24 9QS,,,,other,Postcode,381937,463387,3500,18000,,,,,,,Settle,http://data.ordnancesurvey.co.uk/id/4000000074565008,http://www.ordnancesurvey.co.uk/xml/codelists/localtype.xml#town,Craven,http://data.ordnancesurvey.co.uk/id/7000000000021698,http://data.ordnancesurvey.co.uk/ontology/admingeo/District,North Yorkshire,http://data.ordnancesurvey.co.uk/id/7000000000022028,http://data.ordnancesurvey.co.uk/ontology/admingeo/County,Yorkshire and the Humber,http://data.ordnancesurvey.co.uk/id/7000000000041430,England,http://data.ordnancesurvey.co.uk/id/country/england,,,
BD249DH,http://data.ordnancesurvey.co.uk/id/postcodeunit/BD249DH,BD24 9DH,,,,other,Postcode,381749,463055,3500,18000,,,,,,,Settle,http://data.ordnancesurvey.co.uk/id/4000000074565008,http://www.ordnancesurvey.co.uk/xml/codelists/localtype.xml#town,Craven,http://data.ordnancesurvey.co.uk/id/7000000000021698,http://data.ordnancesurvey.co.uk/ontology/admingeo/District,North Yorkshire,http://data.ordnancesurvey.co.uk/id/7000000000022028,http://data.ordnancesurvey.co.uk/ontology/admingeo/County,Yorkshire and the Humber,http://data.ordnancesurvey.co.uk/id/7000000000041430,England,http://data.ordnancesurvey.co.uk/id/country/england,,,
BD240BL,http://data.ordnancesurvey.co.uk/id/postcodeunit/BD240BL,BD24 0BL,,,,other,Postcode,380928,464022,3500,18000,,,,,,,Giggleswick,http://data.ordnancesurvey.co.uk/id/4000000074565013,http://www.ordnancesurvey.co.uk/xml/codelists/localtype.xml#village,Craven,http://data.ordnancesurvey.co.uk/id/7000000000021698,http://data.ordnancesurvey.co.uk/ontology/admingeo/District,North Yorkshire,http://data.ordnancesurvey.co.uk/id/7000000000022028,http://data.ordnancesurvey.co.uk/ontology/admingeo/County,Yorkshire and the Humber,http://data.ordnancesurvey.co.uk/id/7000000000041430,England,http://data.ordnancesurvey.co.uk/id/country/england,,,
osgb4000000009449752,http://data.ordnancesurvey.co.uk/id/4000000009449752,Meadow Rise,,,,transportNetwork,Named Road,381392,464386,1000,20000,381384,464335,381420,464433,BD24,http://data.ordnancesurvey.co.uk/id/postcodedistrict/BD24,Giggleswick,http://data.ordnancesurvey.co.uk/id/4000000074565013,http://www.ordnancesurvey.co.uk/xml/codelists/localtype.xml#village,Craven,http://data.ordnancesurvey.co.uk/id/7000000000021698,http://data.ordnancesurvey.co.uk/ontology/admingeo/District,North Yorkshire,http://data.ordnancesurvey.co.uk/id/7000000000022028,http://data.ordnancesurvey.co.uk/ontology/admingeo/County,Yorkshire and the Humber,http://data.ordnancesurvey.co.uk/id/7000000000041430,England,http://data.ordnancesurvey.co.uk/id/country/england,,,
osgb4000000073318645,http://data.ordnancesurvey.co.uk/id/4000000073318645,Castleberg Hospital,,,,other,Hospital,381003,463724,1000,50000,380753,463488,381253,463988,BD24,http://data.ordnancesurvey.co.uk/id/postcodedistrict/BD24,Giggleswick,http://data.ordnancesurvey.co.uk/id/4000000074565013,http://www.ordnancesurvey.co.uk/xml/codelists/localtype.xml#village,Craven,http://data.ordnancesurvey.co.uk/id/7000000000021698,http://data.ordnancesurvey.co.uk/ontology/admingeo/District,North Yorkshire,http://data.ordnancesurvey.co.uk/id/7000000000022028,http://data.ordnancesurvey.co.uk/ontology/admingeo/County,Yorkshire and the Humber,http://data.ordnancesurvey.co.uk/id/7000000000041430,England,http://data.ordnancesurvey.co.uk/id/country/england,,,
osgb4000000009434442,http://data.ordnancesurvey.co.uk/id/4000000009434442,Cragg Hill Road,,,,transportNetwork,Named Road,380469,472573,1000,20000,380467,472489,380477,472623,BD24,http://data.ordnancesurvey.co.uk/id/postcodedistrict/BD24,Horton in Ribblesdale,http://data.ordnancesurvey.co.uk/id/4000000074565640,http://www.ordnancesurvey.co.uk/xml/codelists/localtype.xml#village,Craven,http://data.ordnancesurvey.co.uk/id/7000000000021698,http://data.ordnancesurvey.co.uk/ontology/admingeo/District,North Yorkshire,http://data.ordnancesurvey.co.uk/id/7000000000022028,http://data.ordnancesurvey.co.uk/ontology/admingeo/County,Yorkshire and the Humber,http://data.ordnancesurvey.co.uk/id/7000000000041430,England,http://data.ordnancesurvey.co.uk/id/country/england,,,
a7d598aa-a984-4e53-82b1-a9f4892427e6,http://data.ordnancesurvey.co.uk/id/a7d598aa-a984-4e53-82b1-a9f4892427e6,Cock Thorns Lane,,,,transportNetwork,Section Of Named Road,389564,461191,1000,25000,389553,461180,389587,461199,BD23,http://data.ordnancesurvey.co.uk/id/postcodedistrict/BD23,Kirkby Malham,http://data.ordnancesurvey.co.uk/id/4000000074563390,http://www.ordnancesurvey.co.uk/xml/codelists/localtype.xml#village,Craven,http://data.ordnancesurvey.co.uk/id/7000000000021698,http://data.ordnancesurvey.co.uk/ontology/admingeo/District,North Yorkshire,http://data.ordnancesurvey.co.uk/id/7000000000022028,http://data.ordnancesurvey.co.uk/ontology/admingeo/County,Yorkshire and the Humber,http://data.ordnancesurvey.co.uk/id/7000000000041430,England,http://data.ordnancesurvey.co.uk/id/country/england,osgb5000005232277883,,
osgb4000000009449747,http://data.ordnancesurvey.co.uk/id/4000000009449747,Cragdale,,,,transportNetwork,Named Road,381986,463542,1000,20000,381971,463510,382035,463563,BD24,http://data.ordnancesurvey.co.uk/id/postcodedistrict/BD24,Settle,http://data.ordnancesurvey.co.uk/id/4000000074565008,http://www.ordnancesurvey.co.uk/xml/codelists/localtype.xml#town,Craven,http://data.ordnancesurvey.co.uk/id/7000000000021698,http://data.ordnancesurvey.co.uk/ontology/admingeo/District,North Yorkshire,http://data.ordnancesurvey.co.uk/id/7000000000022028,http://data.ordnancesurvey.co.uk/ontology/admingeo/County,Yorkshire and the Humber,http://data.ordnancesurvey.co.uk/id/7000000000041430,England,http://data.ordnancesurvey.co.uk/id/country/england,,,
a29d92a6-5bc3-41ec-9e22-7cc6c668fe25,http://data.ordnancesurvey.co.uk/id/a29d92a6-5bc3-41ec-9e22-7cc6c668fe25,Gooselands Hill,,,,transportNetwork,Section Of Named Road,393215,472064,1000,25000,393211,471948,393232,472082,BD23,http://data.ordnancesurvey.co.uk/id/postcodedistrict/BD23,Arncliffe,http://data.ordnancesurvey.co.uk/id/4000000074564694,http://www.ordnancesurvey.co.uk/xml/codelists/localtype.xml#village,Craven,http://data.ordnancesurvey.co.uk/id/7000000000021698,http://data.ordnancesurvey.co.uk/ontology/admingeo/District,North Yorkshire,http://data.ordnancesurvey.co.uk/id/7000000000022028,http://data.ordnancesurvey.co.uk/ontology/admingeo/County,Yorkshire and the Humber,http://data.ordnancesurvey.co.uk/id/7000000000041430,England,http://data.ordnancesurvey.co.uk/id/country/england,osgb4000000009449915,,
osgb4000000009421069,http://data.ordnancesurvey.co.uk/id/4000000009421069,Langcliffe Road,,,,transportNetwork,Named Road,381892,464269,3000,20000,381679,464050,381893,464511,BD24,http://data.ordnancesurvey.co.uk/id/postcodedistrict/BD24,Settle,http://data.ordnancesurvey.co.uk/id/4000000074565008,http://www.ordnancesurvey.co.uk/xml/codelists/localtype.xml#town,Craven,http://data.ordnancesurvey.co.uk/id/7000000000021698,http://data.ordnancesurvey.co.uk/ontology/admingeo/District,North Yorkshire,http://data.ordnancesurvey.co.uk/id/7000000000022028,http://data.ordnancesurvey.co.uk/ontology/admingeo/County,Yorkshire and the Humber,http://data.ordnancesurvey.co.uk/id/7000000000041430,England,http://data.ordnancesurvey.co.uk/id/country/england,,,
7fe8b9f9-f320-43b0-a67f-13d63997e3a5,http://data.ordnancesurvey.co.uk/id/7fe8b9f9-f320-43b0-a67f-13d63997e3a5,Station Road,,,,transportNetwork,Section Of Named Road,381645,463435,4000,25000,381390,463294,381935,463536,BD24,http://data.ordnancesurvey.co.uk/id/postcodedistrict/BD24,Settle,http://data.ordnancesurvey.co.uk/id/4000000074565008,http://www.ordnancesurvey.co.uk/xml/codelists/localtype.xml#town,Craven,http://data.ordnancesurvey.co.uk/id/7000000000021698,http://data.ordnancesurvey.co.uk/ontology/admingeo/District,North Yorkshire,http://data.ordnancesurvey.co.uk/id/7000000000022028,http://data.ordnancesurvey.co.uk/ontology/admingeo/County,Yorkshire and the Humber,http://data.ordnancesurvey.co.uk/id/7000000000041430,England,http://data.ordnancesurvey.co.uk/id/country/england,osgb4000000009414894,,
osgb4000000009449746,http://data.ordnancesurvey.co.uk/id/4000000009449746,Constitution Hill,,,,transportNetwork,Named Road,382058,463727,1000,20000,382016,463712,382094,463728,BD24,http://data.ordnancesurvey.co.uk/id/postcodedistrict/BD24,Settle,http://data.ordnancesurvey.co.uk/id/4000000074565008,http://www.ordnancesurvey.co.uk/xml/codelists/localtype.xml#town,Craven,http://data.ordnancesurvey.co.uk/id/7000000000021698,http://data.ordnancesurvey.co.uk/ontology/admingeo/District,North Yorkshire,http://data.ordnancesurvey.co.uk/id/7000000000022028,http://data.ordnancesurvey.co.uk/ontology/admingeo/County,Yorkshire and the Humber,http://data.ordnancesurvey.co.uk/id/7000000000041430,England,http://data.ordnancesurvey.co.uk/id/country/england,,,
osgb4000000009434444,http://data.ordnancesurvey.co.uk/id/4000000009434444,Middle Lane,,,,transportNetwork,Named Road,396969,472308,1000,20000,396875,472259,397068,472347,BD23,http://data.ordnancesurvey.co.uk/id/postcodedistrict/BD23,Kettlewell,http://data.ordnancesurvey.co.uk/id/4000000074564692,http://www.ordnancesurvey.co.uk/xml/codelists/localtype.xml#village,Craven,http://data.ordnancesurvey.co.uk/id/7000000000021698,http://data.ordnancesurvey.co.uk/ontology/admingeo/District,North Yorkshire,http://data.ordnancesurvey.co.uk/id/7000000000022028,http://data.ordnancesurvey.co.uk/ontology/admingeo/County,Yorkshire and the Humber,http://data.ordnancesurvey.co.uk/id/7000000000041430,England,http://data.ordnancesurvey.co.uk/id/country/england,,,
osgb4000000009714907,http://data.ordnancesurvey.co.uk/id/4000000009714907,Ingfield Mews,,,,transportNetwork,Named Road,381593,462903,1000,20000,381575,462880,381595,462927,BD24,http://data.ordnancesurvey.co.uk/id/postcodedistrict/BD24,Settle,http://data.ordnancesurvey.co.uk/id/4000000074565008,http://www.ordnancesurvey.co.uk/xml/codelists/localtype.xml#town,Craven,http://data.ordnancesurvey.co.uk/id/7000000000021698,http://data.ordnancesurvey.co.uk/ontology/admingeo/District,North Yorkshire,http://data.ordnancesurvey.co.uk/id/7000000000022028,http://data.ordnancesurvey.co.uk/ontology/admingeo/County,Yorkshire and the Humber,http://data.ordnancesurvey.co.uk/id/7000000000041430,England,http://data.ordnancesurvey.co.uk/id/country/england,,,
osgb4000000009714908,http://data.ordnancesurvey.co.uk/id/4000000009714908,Elmhurst Gardens,,,,transportNetwork,Named Road,381289,464290,1000,20000,381272,464271,381307,464293,BD24,http://data.ordnancesurvey.co.uk/id/postcodedistrict/BD24,Giggleswick,http://data.ordnancesurvey.co.uk/id/4000000074565013,http://www.ordnancesurvey.co.uk/xml/codelists/localtype.xml#village,Craven,http://data.ordnancesurvey.co.uk/id/7000000000021698,http://data.ordnancesurvey.co.uk/ontology/admingeo/District,North Yorkshire,http://data.ordnancesurvey.co.uk/id/7000000000022028,http://data.ordnancesurvey.co.uk/ontology/admingeo/County,Yorkshire and the Humber,http://data.ordnancesurvey.co.uk/id/7000000000041430,England,http://data.ordnancesurvey.co.uk/id/country/england,,,
osgb4000000009414883,http://data.ordnancesurvey.co.uk/id/4000000009414883,Main Street,,,,transportNetwork,Named Road,380422,460029,3000,20000,380418,459776,380457,460259,BD24,http://data.ordnancesurvey.co.uk/id/postcodedistrict/BD24,Rathmell,http://data.ordnancesurvey.co.uk/id/4000000074564033,http://www.ordnancesurvey.co.uk/xml/codelists/localtype.xml#village,Craven,http://data.ordnancesurvey.co.uk/id/7000000000021698,http://data.ordnancesurvey.co.uk/ontology/admingeo/District,North Yorkshire,http://data.ordnancesurvey.co.uk/id/7000000000022028,http://data.ordnancesurvey.co.uk/ontology/admingeo/County,Yorkshire and the Humber,http://data.ordnancesurvey.co.uk/id/7000000000041430,England,http://data.ordnancesurvey.co.uk/id/country/england,,,
4310ea05-6fb0-4e1f-9c8c-497bcf8614a6,http://data.ordnancesurvey.co.uk/id/4310ea05-6fb0-4e1f-9c8c-497bcf8614a6,Dubb's Lane,,,,transportNetwork,Section Of Named Road,394114,477284,1000,25000,393994,477217,394187,477297,BD23,http://data.ordnancesurvey.co.uk/id/postcodedistrict/BD23,Buckden,http://data.ordnancesurvey.co.uk/id/4000000074568272,http://www.ordnancesurvey.co.uk/xml/codelists/localtype.xml#village,Craven,http://data.ordnancesurvey.co.uk/id/7000000000021698,http://data.ordnancesurvey.co.uk/ontology/admingeo/District,North Yorkshire,http://data.ordnancesurvey.co.uk/id/7000000000022028,http://data.ordnancesurvey.co.uk/ontology/admingeo/County,Yorkshire and the Humber,http://data.ordnancesurvey.co.uk/id/7000000000041430,England,http://data.ordnancesurvey.co.uk/id/country/england,osgb4000000009412365,,
osgb4000000009412304,http://data.ordnancesurvey.co.uk/id/4000000009412304,Stockdale Lane,,,,transportNetwork,Named Road,384387,463536,12000,20000,383564,463036,385425,463894,BD24,http://data.ordnancesurvey.co.uk/id/postcodedistrict/BD24,,,,Craven,http://data.ordnancesurvey.co.uk/id/7000000000021698,http://data.ordnancesurvey.co.uk/ontology/admingeo/District,North Yorkshire,http://data.ordnancesurvey.co.uk/id/7000000000022028,http://data.ordnancesurvey.co.uk/ontology/admingeo/County,Yorkshire and the Humber,http://data.ordnancesurvey.co.uk/id/7000000000041430,England,http://data.ordnancesurvey.co.uk/id/country/england,,,
osgb4000000009434267,http://data.ordnancesurvey.co.uk/id/4000000009434267,Castlebergh Lane,,,,transportNetwork,Named Road,382099,463590,1000,20000,382076,463496,382110,463680,BD24,http://data.ordnancesurvey.co.uk/id/postcodedistrict/BD24,Settle,http://data.ordnancesurvey.co.uk/id/4000000074565008,http://www.ordnancesurvey.co.uk/xml/codelists/localtype.xml#town,Craven,http://data.ordnancesurvey.co.uk/id/7000000000021698,http://data.ordnancesurvey.co.uk/ontology/admingeo/District,North Yorkshire,http://data.ordnancesurvey.co.uk/id/7000000000022028,http://data.ordnancesurvey.co.uk/ontology/admingeo/County,Yorkshire and the Humber,http://data.ordnancesurvey.co.uk/id/7000000000041430,England,http://data.ordnancesurvey.co.uk/id/country/england,,,
osgb4000000009449748,http://data.ordnancesurvey.co.uk/id/4000000009449748,Chapel Street,,,,transportNetwork,Named Road,381994,463564,1000,20000,381943,463561,382047,463564,BD24,http://data.ordnancesurvey.co.uk/id/postcodedistrict/BD24,Settle,http://data.ordnancesurvey.co.uk/id/4000000074565008,http://www.ordnancesurvey.co.uk/xml/codelists/localtype.xml#town,Craven,http://data.ordnancesurvey.co.uk/id/7000000000021698,http://data.ordnancesurvey.co.uk/ontology/admingeo/District,North Yorkshire,http://data.ordnancesurvey.co.uk/id/7000000000022028,http://data.ordnancesurvey.co.uk/ontology/admingeo/County,Yorkshire and the Humber,http://data.ordnancesurvey.co.uk/id/7000000000041430,England,http://data.ordnancesurvey.co.uk/id/country/england,,,
5926d6db-ce56-442d-8f05-3deb533595df,http://data.ordnancesurvey.co.uk/id/5926d6db-ce56-442d-8f05-3deb533595df,Long Lane,,,,transportNetwork,Section Of Named Road,389928,462951,1000,25000,389904,462947,389938,462954,BD23,http://data.ordnancesurvey.co.uk/id/postcodedistrict/BD23,Malham,http://data.ordnancesurvey.co.uk/id/4000000074564690,http://www.ordnancesurvey.co.uk/xml/codelists/localtype.xml#village,Craven,http://data.ordnancesurvey.co.uk/id/7000000000021698,http://data.ordnancesurvey.co.uk/ontology/admingeo/District,North Yorkshire,http://data.ordnancesurvey.co.uk/id/7000000000022028,http://data.ordnancesurvey.co.uk/ontology/admingeo/County,Yorkshire and the Humber,http://data.ordnancesurvey.co.uk/id/7000000000041430,England,http://data.ordnancesurvey.co.uk/id/country/england,osgb5000005232277881,,
06b78057-dfc5-43cb-a2f6-af81ac5023c5,http://data.ordnancesurvey.co.uk/id/06b78057-dfc5-43cb-a2f6-af81ac5023c5,Skirethorns Lane,,,,transportNetwork,Section Of Named Road,397962,463864,2000,25000,397825,463824,398085,463874,BD23,http://data.ordnancesurvey.co.uk/id/postcodedistrict/BD23,Skirethorns,http://data.ordnancesurvey.co.uk/id/4000000074564362,http://www.ordnancesurvey.co.uk/xml/codelists/localtype.xml#hamlet,Craven,http://data.ordnancesurvey.co.uk/id/7000000000021698,http://data.ordnancesurvey.co.uk/ontology/admingeo/District,North Yorkshire,http://data.ordnancesurvey.co.uk/id/7000000000022028,http://data.ordnancesurvey.co.uk/ontology/admingeo/County,Yorkshire and the Humber,http://data.ordnancesurvey.co.uk/id/7000000000041430,England,http://data.ordnancesurvey.co.uk/id/country/england,osgb4000000009412338,,
6086165d-befe-4c5c-b0cf-2788a5656d2e,http://data.ordnancesurvey.co.uk/id/6086165d-befe-4c5c-b0cf-2788a5656d2e,Banks Lane,,,,transportNetwork,Section Of Named Road,382132,463784,1000,25000,382124,463764,382148,463795,BD24,http://data.ordnancesurvey.co.uk/id/postcodedistrict/BD24,Settle,http://data.ordnancesurvey.co.uk/id/4000000074565008,http://www.ordnancesurvey.co.uk/xml/codelists/localtype.xml#town,Craven,http://data.ordnancesurvey.co.uk/id/7000000000021698,http://data.ordnancesurvey.co.uk/ontology/admingeo/District,North Yorkshire,http://data.ordnancesurvey.co.uk/id/7000000000022028,http://data.ordnancesurvey.co.uk/ontology/admingeo/County,Yorkshire and the Humber,http://data.ordnancesurvey.co.uk/id/7000000000041430,England,http://data.ordnancesurvey.co.uk/id/country/england,osgb5000005232279668,,
88f19594-b74a-4f24-bece-a281a51dd004,http://data.ordnancesurvey.co.uk/id/88f19594-b74a-4f24-bece-a281a51dd004,Buckden Wood Lane,,,,transportNetwork,Section Of Named Road,394173,479081,1000,25000,394052,478983,394213,479204,BD23,http://data.ordnancesurvey.co.uk/id/postcodedistrict/BD23,Cray,http://data.ordnancesurvey.co.uk/id/4000000074568273,http://www.ordnancesurvey.co.uk/xml/codelists/localtype.xml#otherSettlement,Craven,http://data.ordnancesurvey.co.uk/id/7000000000021698,http://data.ordnancesurvey.co.uk/ontology/admingeo/District,North Yorkshire,http://data.ordnancesurvey.co.uk/id/7000000000022028,http://data.ordnancesurvey.co.uk/ontology/admingeo/County,Yorkshire and the Humber,http://data.ordnancesurvey.co.uk/id/7000000000041430,England,http://data.ordnancesurvey.co.uk/id/country/england,osgb4000000009411258,,
7861a7e2-3798-4558-bd2e-d2df4e325d0c,http://data.ordnancesurvey.co.uk/id/7861a7e2-3798-4558-bd2e-d2df4e325d0c,Straight Lane,,,,transportNetwork,Section Of Named Road,389881,463100,1000,25000,389871,463097,389931,463108,BD23,http://data.ordnancesurvey.co.uk/id/postcodedistrict/BD23,Malham,http://data.ordnancesurvey.co.uk/id/4000000074564690,http://www.ordnancesurvey.co.uk/xml/codelists/localtype.xml#village,Craven,http://data.ordnancesurvey.co.uk/id/7000000000021698,http://data.ordnancesurvey.co.uk/ontology/admingeo/District,North Yorkshire,http://data.ordnancesurvey.co.uk/id/7000000000022028,http://data.ordnancesurvey.co.uk/ontology/admingeo/County,Yorkshire and the Humber,http://data.ordnancesurvey.co.uk/id/7000000000041430,England,http://data.ordnancesurvey.co.uk/id/country/england,osgb5000005232277877,,
osgb4000000073318641,http://data.ordnancesurvey.co.uk/id/4000000073318641,Settle Church Of England (Voluntary Controlled) Primary School,,,,other,Primary Education,381661,463551,1000,50000,381411,463300,381911,463800,BD24,http://data.ordnancesurvey.co.uk/id/postcodedistrict/BD24,Settle,http://data.ordnancesurvey.co.uk/id/4000000074565008,http://www.ordnancesurvey.co.uk/xml/codelists/localtype.xml#town,Craven,http://data.ordnancesurvey.co.uk/id/7000000000021698,http://data.ordnancesurvey.co.uk/ontology/admingeo/District,North Yorkshire,http://data.ordnancesurvey.co.uk/id/7000000000022028,http://data.ordnancesurvey.co.uk/ontology/admingeo/County,Yorkshire and the Humber,http://data.ordnancesurvey.co.uk/id/7000000000041430,England,http://data.ordnancesurvey.co.uk/id/country/england,,,
osgb4000000009434275,http://data.ordnancesurvey.co.uk/id/4000000009434275,Albert Hill,,,,transportNetwork,Named Road,382243,463353,1000,20000,382155,463302,382335,463387,BD24,http://data.ordnancesurvey.co.uk/id/postcodedistrict/BD24,Settle,http://data.ordnancesurvey.co.uk/id/4000000074565008,http://www.ordnancesurvey.co.uk/xml/codelists/localtype.xml#town,Craven,http://data.ordnancesurvey.co.uk/id/7000000000021698,http://data.ordnancesurvey.co.uk/ontology/admingeo/District,North Yorkshire,http://data.ordnancesurvey.co.uk/id/7000000000022028,http://data.ordnancesurvey.co.uk/ontology/admingeo/County,Yorkshire and the Humber,http://data.ordnancesurvey.co.uk/id/7000000000041430,England,http://data.ordnancesurvey.co.uk/id/country/england,,,
osgb4000000009434403,http://data.ordnancesurvey.co.uk/id/4000000009434403,Finkle Street,,,,transportNetwork,Named Road,390241,462925,1000,20000,390146,462902,390329,462953,BD23,http://data.ordnancesurvey.co.uk/id/postcodedistrict/BD23,Malham,http://data.ordnancesurvey.co.uk/id/4000000074564690,http://www.ordnancesurvey.co.uk/xml/codelists/localtype.xml#village,Craven,http://data.ordnancesurvey.co.uk/id/7000000000021698,http://data.ordnancesurvey.co.uk/ontology/admingeo/District,North Yorkshire,http://data.ordnancesurvey.co.uk/id/7000000000022028,http://data.ordnancesurvey.co.uk/ontology/admingeo/County,Yorkshire and the Humber,http://data.ordnancesurvey.co.uk/id/7000000000041430,England,http://data.ordnancesurvey.co.uk/id/country/england,,,
c737815a-06bb-4f8b-ad08-a186033e0801,http://data.ordnancesurvey.co.uk/id/c737815a-06bb-4f8b-ad08-a186033e0801,Back Lane,,,,transportNetwork,Section Of Named Road,389670,461049,1000,25000,389658,461040,389671,461106,BD23,http://data.ordnancesurvey.co.uk/id/postcodedistrict/BD23,Kirkby Malham,http://data.ordnancesurvey.co.uk/id/4000000074563390,http://www.ordnancesurvey.co.uk/xml/codelists/localtype.xml#village,Craven,http://data.ordnancesurvey.co.uk/id/7000000000021698,http://data.ordnancesurvey.co.uk/ontology/admingeo/District,North Yorkshire,http://data.ordnancesurvey.co.uk/id/7000000000022028,http://data.ordnancesurvey.co.uk/ontology/admingeo/County,Yorkshire and the Humber,http://data.ordnancesurvey.co.uk/id/7000000000041430,England,http://data.ordnancesurvey.co.uk/id/country/england,osgb4000000009434402,,
osgb4000000009489235,http://data.ordnancesurvey.co.uk/id/4000000009489235,Commercial Street,,,,transportNetwork,Named Road,382183,463297,1000,20000,382135,463191,382184,463387,BD24,http://data.ordnancesurvey.co.uk/id/postcodedistrict/BD24,Settle,http://data.ordnancesurvey.co.uk/id/4000000074565008,http://www.ordnancesurvey.co.uk/xml/codelists/localtype.xml#town,Craven,http://data.ordnancesurvey.co.uk/id/7000000000021698,http://data.ordnancesurvey.co.uk/ontology/admingeo/District,North Yorkshire,http://data.ordnancesurvey.co.uk/id/7000000000022028,http://data.ordnancesurvey.co.uk/ontology/admingeo/County,Yorkshire and the Humber,http://data.ordnancesurvey.co.uk/id/7000000000041430,England,http://data.ordnancesurvey.co.uk/id/country/england,,,
70f32f4f-6f0c-4552-8225-128b7bfa6875,http://data.ordnancesurvey.co.uk/id/70f32f4f-6f0c-4552-8225-128b7bfa6875,Stainforth Lane,,,,transportNetwork,Section Of Named Road,381408,467180,1000,25000,381407,467158,381413,467198,BD24,http://data.ordnancesurvey.co.uk/id/postcodedistrict/BD24,Little Stainforth,http://data.ordnancesurvey.co.uk/id/4000000074565012,http://www.ordnancesurvey.co.uk/xml/codelists/localtype.xml#hamlet,Craven,http://data.ordnancesurvey.co.uk/id/7000000000021698,http://data.ordnancesurvey.co.uk/ontology/admingeo/District,North Yorkshire,http://data.ordnancesurvey.co.uk/id/7000000000022028,http://data.ordnancesurvey.co.uk/ontology/admingeo/County,Yorkshire and the Humber,http://data.ordnancesurvey.co.uk/id/7000000000041430,England,http://data.ordnancesurvey.co.uk/id/country/england,osgb4000000009411251,,
osgb4000000009434265,http://data.ordnancesurvey.co.uk/id/4000000009434265,Tems Street,,,,transportNetwork,Named Road,381093,463900,1000,20000,381088,463846,381098,463974,BD24,http://data.ordnancesurvey.co.uk/id/postcodedistrict/BD24,Giggleswick,http://data.ordnancesurvey.co.uk/id/4000000074565013,http://www.ordnancesurvey.co.uk/xml/codelists/localtype.xml#village,Craven,http://data.ordnancesurvey.co.uk/id/7000000000021698,http://data.ordnancesurvey.co.uk/ontology/admingeo/District,North Yorkshire,http://data.ordnancesurvey.co.uk/id/7000000000022028,http://data.ordnancesurvey.co.uk/ontology/admingeo/County,Yorkshire and the Humber,http://data.ordnancesurvey.co.uk/id/7000000000041430,England,http://data.ordnancesurvey.co.uk/id/country/england,,,
osgb4000000009449754,http://data.ordnancesurvey.co.uk/id/4000000009449754,Sykes Barrel,,,,transportNetwork,Named Road,381891,464213,1000,20000,381877,464209,381908,464217,BD24,http://data.ordnancesurvey.co.uk/id/postcodedistrict/BD24,Settle,http://data.ordnancesurvey.co.uk/id/4000000074565008,http://www.ordnancesurvey.co.uk/xml/codelists/localtype.xml#town,Craven,http://data.ordnancesurvey.co.uk/id/7000000000021698,http://data.ordnancesurvey.co.uk/ontology/admingeo/District,North Yorkshire,http://data.ordnancesurvey.co.uk/id/7000000000022028,http://data.ordnancesurvey.co.uk/ontology/admingeo/County,Yorkshire and the Humber,http://data.ordnancesurvey.co.uk/id/7000000000041430,England,http://data.ordnancesurvey.co.uk/id/country/england,,,
osgb4000000009412338,http://data.ordnancesurvey.co.uk/id/4000000009412338,Skirethorns Lane,,,,transportNetwork,Named Road,398322,463868,6000,20000,397825,463824,398819,463887,BD23,http://data.ordnancesurvey.co.uk/id/postcodedistrict/BD23,Threshfield,http://data.ordnancesurvey.co.uk/id/4000000074564035,http://www.ordnancesurvey.co.uk/xml/codelists/localtype.xml#village,Craven,http://data.ordnancesurvey.co.uk/id/7000000000021698,http://data.ordnancesurvey.co.uk/ontology/admingeo/District,North Yorkshire,http://data.ordnancesurvey.co.uk/id/7000000000022028,http://data.ordnancesurvey.co.uk/ontology/admingeo/County,Yorkshire and the Humber,http://data.ordnancesurvey.co.uk/id/7000000000041430,England,http://data.ordnancesurvey.co.uk/id/country/england,,,
1cc473ad-1e38-4e40-9fc9-ecf73f8c4652,http://data.ordnancesurvey.co.uk/id/1cc473ad-1e38-4e40-9fc9-ecf73f8c4652,Stackhouse Lane,,,,transportNetwork,Section Of Named Road,381379,465274,3000,25000,381363,465033,381530,465549,BD24,http://data.ordnancesurvey.co.uk/id/postcodedistrict/BD24,Stackhouse,http://data.ordnancesurvey.co.uk/id/4000000074565010,http://www.ordnancesurvey.co.uk/xml/codelists/localtype.xml#hamlet,Craven,http://data.ordnancesurvey.co.uk/id/7000000000021698,http://data.ordnancesurvey.co.uk/ontology/admingeo/District,North Yorkshire,http://data.ordnancesurvey.co.uk/id/7000000000022028,http://data.ordnancesurvey.co.uk/ontology/admingeo/County,Yorkshire and the Humber,http://data.ordnancesurvey.co.uk/id/7000000000041430,England,http://data.ordnancesurvey.co.uk/id/country/england,osgb4000000009412306,,
osgb4000000009412365,http://data.ordnancesurvey.co.uk/id/4000000009412365,Dubb's Lane,,,,transportNetwork,Named Road,393417,477693,10000,20000,392610,477217,394187,478210,BD23,http://data.ordnancesurvey.co.uk/id/postcodedistrict/BD23,,,,Craven,http://data.ordnancesurvey.co.uk/id/7000000000021698,http://data.ordnancesurvey.co.uk/ontology/admingeo/District,North Yorkshire,http://data.ordnancesurvey.co.uk/id/7000000000022028,http://data.ordnancesurvey.co.uk/ontology/admingeo/County,Yorkshire and the Humber,http://data.ordnancesurvey.co.uk/id/7000000000041430,England,http://data.ordnancesurvey.co.uk/id/country/england,,,
